49623	6
54188	6
63469	6
68932	6
289861	6
975199	6
979020	6
44472	7
47267	7
65420	7
78320	7
115015	7
209773	7
210528	7
323745	7
589970	7
650402	7
696596	7
699691	7
1053861	7
1080563	7
1126194	7
1179529	7
1270764	7
1330988	7
50173	8
167711	8
215530	8
338384	8
372866	8
580087	8
700478	8
772447	8
1052465	8
1226738	8
1273350	8
1316439	8
1341144	8
65359	9
77097	9
81993	9
93043	9
216817	9
318036	9
363449	9
484832	9
578990	9
698168	9
922096	9
1311548	9
49223	10
60064	10
60358	10
66334	10
69970	10
83631	10
101936	10
113329	10
158213	10
162034	10
181105	10
274618	10
319133	10
371352	10
406499	10
558398	10
690243	10
832697	10
1131067	10
1243649	10
1338616	10
1343685	10
1344637	10
52342	11
60968	11
64680	11
74924	11
79993	11
86342	11
98219	11
99840	11
120639	11
167263	11
318174	11
521972	11
682330	11
802039	11
830252	11
976812	11
1019029	11
1150584	11
1336347	11
1340167	11
1418099	11
47470	12
51031	12
69644	12
77627	12
77983	12
83706	12
119668	12
121105	12
138474	12
575751	12
730164	12
862727	12
874078	12
941866	12
1317339	12
1318047	12
45971	13
49067	13
65042	13
69627	13
87191	13
100535	13
108139	13
137708	13
220411	13
386075	13
492727	13
506090	13
558043	13
559327	13
826728	13
925347	13
980306	13
1058067	13
1078905	13
1257043	13
1303614	13
1313350	13
1314248	13
1314681	13
44876	14
48004	14
60922	14
70121	14
87539	14
94039	14
108216	14
117702	14
121504	14
213973	14
340436	14
375540	14
488258	14
589674	14
696874	14
784069	14
821206	14
992516	14
1084789	14
1106316	14
1343733	14
128122	15
230586	15
373025	15
496863	15
651747	15
922306	15
964796	15
980492	15
989244	15
1098335	15
1175631	15
1332756	15
1350442	15
46125	16
64212	16
66563	16
121672	16
126489	16
133921	16
155431	16
169102	16
179553	16
356343	16
361430	16
397204	16
487628	16
498120	16
552226	16
609896	16
680529	16
686517	16
818688	16
939177	16
1010181	16
1014648	16
1102647	16
1167272	16
1227385	16
1310148	16
1310870	16
90363	17
94825	17
139897	17
167755	17
395448	17
418650	17
507670	17
696036	17
697435	17
998358	17
1034708	17
1056742	17
1242996	17
1319944	17
1332671	17
50073	18
52964	18
63155	18
74814	18
88717	18
109360	18
131870	18
138504	18
148557	18
211386	18
213909	18
365113	18
470037	18
499040	18
558566	18
651899	18
683566	18
684013	18
688121	18
978283	18
983743	18
998354	18
1295269	18
1321386	18
1344806	18
46587	19
63710	19
64050	19
65830	19
75334	19
79809	19
115107	19
125392	19
173775	19
363768	19
423350	19
469694	19
571278	19
686265	19
781733	19
813775	19
999028	19
1258763	19
1345988	19
44728	20
67029	20
75046	20
100376	20
210637	20
272664	20
567855	20
772084	20
1269582	20
1281868	20
1338305	20
77761	21
114789	21
116835	21
207679	21
278109	21
658692	21
862173	21
875246	21
978877	21
1185901	21
61491	22
66839	22
68668	22
70040	22
77997	22
81354	22
189122	22
216092	22
500947	22
881493	22
1175583	22
1318414	22
1320245	22
46988	23
58223	23
69084	23
72063	23
104966	23
155784	23
358313	23
415524	23
504787	23
817484	23
876940	23
922024	23
955878	23
983830	23
988208	23
1018438	23
1078917	23
1078966	23
1320491	23
1333030	23
1349715	23
50636	24
80214	24
127581	24
234112	24
257102	24
358846	24
426092	24
589151	24
727654	24
819693	24
965030	24
991421	24
1300971	24
1318930	24
1335421	24
1352340	24
45174	25
49302	25
53108	25
83079	25
88826	25
98256	25
112606	25
113038	25
116588	25
154791	25
191693	25
212185	25
217137	25
310591	25
412689	25
499506	25
533183	25
609307	25
705802	25
923613	25
976922	25
992940	25
1028008	25
1253129	25
1266221	25
1309370	25
45438	26
59375	26
87822	26
113465	26
119149	26
149559	26
173962	26
174270	26
364138	26
365059	26
447433	26
487349	26
787294	26
831617	26
922759	26
1020515	26
1098392	26
1152024	26
1315697	26
1428956	26
67287	27
75855	27
212788	27
221112	27
239765	27
282054	27
415447	27
507461	27
819026	27
824292	27
1002007	27
1020628	27
1253793	27
1263627	27
1274801	27
1312439	27
1312713	27
1314193	27
45132	28
46478	28
46785	28
80298	28
83068	28
101820	28
264560	28
699632	28
797945	28
925447	28
964781	28
1019248	28
1079397	28
1079549	28
1079882	28
1293490	28
1315603	28
1327096	28
1335936	28
1337874	28
50358	29
50738	29
51270	29
58314	29
63971	29
70297	29
120219	29
144223	29
180280	29
288414	29
487474	29
580095	29
684162	29
1007049	29
1167829	29
1233641	29
1340918	29
62429	30
77680	30
82912	30
124254	30
129320	30
133213	30
148638	30
233958	30
297286	30
307831	30
387241	30
424386	30
687086	30
1001343	30
1007398	30
1225724	30
1231396	30
1275951	30
1334568	30
56061	31
60073	31
72901	31
73301	31
84533	31
122480	31
123072	31
125606	31
490164	31
636514	31
697711	31
945197	31
976398	31
1031618	31
1085456	31
1250666	31
1257897	31
1294688	31
47852	32
56412	32
63492	32
64538	32
71711	32
109532	32
133171	32
138493	32
178701	32
265724	32
365071	32
394607	32
923481	32
1013729	32
1022267	32
1227896	32
1314595	32
1329036	32
59248	33
61432	33
77287	33
78310	33
121200	33
317897	33
355091	33
498145	33
615685	33
719257	33
853316	33
984195	33
1117084	33
1254730	33
1320914	33
61752	34
64927	34
67120	34
85848	34
88527	34
89973	34
118160	34
202406	34
297439	34
645087	34
806334	34
1041443	34
1283016	34
1323458	34
1335329	34
1338053	34
49910	35
73047	35
76458	35
83703	35
140289	35
182262	35
418808	35
427817	35
604297	35
663494	35
773382	35
810871	35
818344	35
832692	35
922855	35
980561	35
56139	36
90083	36
107157	36
108977	36
109514	36
132494	36
157347	36
377054	36
508794	36
593437	36
781267	36
834486	36
928715	36
976816	36
1023009	36
1248328	36
1317985	36
1392587	36
1408216	36
47789	37
50353	37
52364	37
76984	37
98848	37
110471	37
113230	37
120093	37
277009	37
364168	37
365461	37
398070	37
535117	37
555018	37
699755	37
700776	37
1014676	37
1020374	37
1021808	37
1083174	37
1329303	37
1348725	37
1350862	37
45164	38
47307	38
63441	38
70432	38
75846	38
78298	38
110202	38
110605	38
362774	38
411854	38
489969	38
701819	38
1020680	38
1079825	38
1259794	38
1345826	38
53328	39
54610	39
61129	39
73628	39
75748	39
89789	39
129832	39
174101	39
386858	39
387951	39
710478	39
812302	39
952920	39
1024958	39
1127306	39
1309392	39
1334277	39
47154	40
48578	40
60075	40
62850	40
69361	40
76703	40
90606	40
97189	40
104712	40
114562	40
186522	40
358512	40
505168	40
963928	40
984572	40
1128561	40
1129324	40
1275605	40
1293703	40
1319389	40
1336524	40
1346535	40
47206	41
49723	41
65562	41
114470	41
298257	41
389616	41
555308	41
682090	41
688522	41
729655	41
820342	41
865257	41
927806	41
942323	41
975350	41
1098171	41
1106591	41
1130693	41
1318371	41
62683	42
82832	42
84849	42
97345	42
216721	42
274401	42
412649	42
419642	42
422546	42
879483	42
976251	42
981234	42
984409	42
1103037	42
1264308	42
1283045	42
1311357	42
55928	43
56609	43
70079	43
96370	43
110054	43
119197	43
152095	43
294603	43
581202	43
975180	43
1313556	43
1338195	43
1345876	43
1346443	43
48118	44
54905	44
72597	44
78202	44
242737	44
357910	44
375712	44
1117044	44
1123751	44
1245665	44
1277883	44
1288976	44
1304820	44
1340894	44
1342645	44
60966	45
78008	45
87635	45
90672	45
127946	45
211993	45
214037	45
418912	45
691929	45
697036	45
785282	45
813458	45
1327003	45
1338355	45
1338820	45
75321	46
115833	46
124215	46
327867	46
351098	46
382827	46
384775	46
683047	46
703316	46
1096952	46
63652	47
69176	47
74106	47
119687	47
927957	47
1273937	47
1301850	47
1338306	47
54196	48
59510	48
60263	48
77465	48
78150	48
84963	48
116853	48
119220	48
143275	48
307678	48
498259	48
534447	48
728543	48
817285	48
965108	48
992622	48
1258293	48
64865	49
67646	49
69752	49
70426	49
84827	49
85294	49
129422	49
130844	49
131792	49
279259	49
385436	49
514185	49
828297	49
939347	49
976743	49
1058912	49
1098020	49
1111777	49
48230	50
48499	50
91702	50
287244	50
396080	50
420302	50
454790	50
465520	50
550002	50
604903	50
979545	50
987562	50
989428	50
991498	50
1245459	50
1318354	50
1474931	50
52178	51
64815	51
73270	51
73803	51
151887	51
396502	51
690479	51
855770	51
980524	51
989774	51
1018571	51
1024307	51
1097306	51
1103402	51
1122888	51
1252574	51
1257924	51
1298018	51
1314389	51
51103	52
65791	52
75984	52
79869	52
84916	52
105139	52
107207	52
180111	52
259326	52
414468	52
423580	52
498116	52
556725	52
562844	52
752471	52
976271	52
980218	52
1009151	52
1322312	52
67801	53
91223	53
113386	53
117843	53
117941	53
216289	53
307219	53
487144	53
689896	53
813895	53
851033	53
929676	53
984410	53
1022847	53
1263789	53
1314312	53
1346523	53
1350144	53
1400123	53
72333	54
81549	54
100016	54
263574	54
499164	54
863635	54
1021881	54
1025406	54
1320251	54
1320316	54
1339327	54
1345637	54
48973	55
49496	55
58384	55
70859	55
91028	55
235577	55
246303	55
505994	55
650256	55
727933	55
829110	55
975375	55
988690	55
1281384	55
1315806	55
46828	56
56760	56
77429	56
91795	56
93844	56
371040	56
499852	56
1083246	56
1112586	56
1288578	56
1316999	56
1326350	56
1336655	56
1347141	56
63941	57
67269	57
76042	57
77699	57
77848	57
122332	57
150595	57
225661	57
287957	57
355532	57
616934	57
683462	57
1112614	57
1319045	57
1324126	57
1348689	57
49016	58
51028	58
57468	58
109618	58
136618	58
147338	58
362699	58
372797	58
487933	58
489790	58
985169	58
1012415	58
1323638	58
1342986	58
50118	59
52090	59
78747	59
119362	59
145174	59
419507	59
423434	59
635823	59
881854	59
1022145	59
1081744	59
43978	60
44672	60
53363	60
66824	60
79065	60
87234	60
102212	60
107382	60
136586	60
145473	60
285920	60
420649	60
423219	60
595747	60
925688	60
1309568	60
1398906	60
50164	61
50946	61
56085	61
134800	61
211468	61
267570	61
562570	61
604707	61
731510	61
813917	61
1008874	61
1083405	61
1121632	61
1242897	61
1349189	61
1404173	61
55670	62
86692	62
107958	62
173465	62
221664	62
243577	62
262169	62
288868	62
310426	62
319702	62
364626	62
378005	62
489756	62
1016929	62
1051425	62
1130536	62
1131776	62
1166027	62
1309559	62
1329828	62
1437671	62
63818	63
91481	63
101356	63
128138	63
134424	63
211278	63
299554	63
319019	63
422754	63
446938	63
577755	63
804119	63
813803	63
845092	63
1010350	63
1068744	63
1069032	63
1331744	63
1333066	63
1335693	63
1344393	63
45551	64
53823	64
67021	64
70291	64
120632	64
125458	64
322743	64
358985	64
881524	64
885708	64
923118	64
1007100	64
1119031	64
1130305	64
1254432	64
1302706	64
1333306	64
1337455	64
46417	65
50027	65
69618	65
80254	65
115387	65
125589	65
149839	65
275629	65
301536	65
455528	65
530505	65
531979	65
865722	65
891016	65
999344	65
1051533	65
1060789	65
1338956	65
1344634	65
48691	66
58498	66
61843	66
79683	66
80176	66
113968	66
126206	66
136372	66
265303	66
272380	66
292786	66
663336	66
827371	66
1041854	66
1068893	66
1178894	66
1271200	66
1281008	66
1337800	66
1338657	66
1422973	66
47186	67
51480	67
56884	67
62479	67
68022	67
74525	67
78272	67
88269	67
108697	67
116490	67
122214	67
215284	67
335965	67
499372	67
562656	67
604940	67
635781	67
687211	67
787433	67
923768	67
923910	67
1016870	67
1097761	67
1262943	67
1294272	67
1308157	67
1312666	67
1313189	67
1318945	67
1327629	67
49756	68
52589	68
55027	68
90999	68
111828	68
126736	68
245145	68
265844	68
483732	68
508137	68
697868	68
818255	68
939287	68
955279	68
1009977	68
1022347	68
1055695	68
1122723	68
1226270	68
1233549	68
1278931	68
1314704	68
70686	69
104144	69
120195	69
136665	69
173847	69
289196	69
320371	69
355454	69
498775	69
702969	69
817589	69
922716	69
1043055	69
1083541	69
1314533	69
1319985	69
43806	70
81199	70
90055	70
109214	70
121861	70
168986	70
783738	70
867400	70
1042778	70
1056657	70
1097947	70
1102963	70
1336050	70
49900	71
65169	71
69855	71
71469	71
77337	71
77422	71
90534	71
94622	71
102790	71
112462	71
121616	71
167491	71
325112	71
384132	71
413195	71
413724	71
531185	71
963811	71
1021769	71
1021812	71
1260139	71
1314243	71
58917	72
98413	72
110174	72
192887	72
210201	72
279962	72
314198	72
362347	72
781428	72
1001177	72
1052074	72
1097986	72
1250127	72
1296546	72
1301414	72
1331872	72
79081	73
105525	73
113310	73
123045	73
149356	73
219637	73
364817	73
418730	73
537068	73
610888	73
699134	73
984028	73
1120490	73
1267726	73
1314951	73
1319764	73
58730	74
61462	74
82199	74
89658	74
130071	74
153392	74
364276	74
396818	74
478678	74
478808	74
495384	74
498859	74
591054	74
695305	74
999404	74
1012114	74
1039775	74
1081327	74
1085344	74
1121976	74
1349898	74
54930	75
70583	75
73929	75
79256	75
95590	75
149508	75
323823	75
635911	75
984437	75
1102390	75
1106778	75
1280176	75
1318515	75
1331745	75
1336550	75
135388	76
136285	76
236287	76
364398	76
463522	76
956864	76
963863	76
1130178	76
1306058	76
1310814	76
1346799	76
1350752	76
53974	77
55912	77
72760	77
365035	77
557545	77
885138	77
958242	77
979050	77
995810	77
1102056	77
1161836	77
1315380	77
45154	78
53334	78
58651	78
85055	78
105602	78
134598	78
215714	78
415830	78
469172	78
555441	78
562664	78
567268	78
694759	78
1025342	78
1306491	78
53533	79
58309	79
60016	79
61167	79
62776	79
63713	79
67253	79
69937	79
85032	79
87504	79
90250	79
91685	79
146020	79
148888	79
224566	79
319382	79
387550	79
498155	79
615371	79
719214	79
923808	79
990840	79
1030199	79
1096625	79
1102421	79
1244680	79
1342255	79
52155	80
59801	80
68880	80
80027	80
97727	80
239615	80
322220	80
388852	80
419902	80
500483	80
577603	80
812766	80
922750	80
1019211	80
1097202	80
1257004	80
1264767	80
1315182	80
1342722	80
1410040	80
83009	81
162357	81
420396	81
468178	81
478478	81
591021	81
697804	81
840221	81
862516	81
1024359	81
1169601	81
1309538	81
65446	82
77409	82
82632	82
98309	82
106860	82
117672	82
127693	82
268325	82
342555	82
433198	82
483618	82
495353	82
609932	82
719564	82
728740	82
975498	82
1057293	82
1080730	82
1101287	82
1223252	82
1232164	82
1264822	82
1280798	82
1315151	82
1348360	82
82416	83
105917	83
106183	83
110076	83
184392	83
247822	83
293419	83
362776	83
456206	83
486050	83
535410	83
695018	83
781535	83
818610	83
820230	83
1019724	83
1342256	83
1350602	83
1422564	83
46577	84
46747	84
66446	84
77488	84
94937	84
98272	84
99176	84
104631	84
134234	84
178270	84
337993	84
364818	84
373915	84
486772	84
649134	84
649145	84
682162	84
683303	84
1102650	84
1117139	84
1246276	84
1288227	84
1325212	84
1329109	84
52127	85
52693	85
54813	85
61988	85
62281	85
96479	85
121948	85
147992	85
278121	85
320261	85
327798	85
420148	85
469350	85
685104	85
975001	85
987109	85
1110168	85
45183	86
46751	86
48446	86
84401	86
119598	86
846725	86
1080942	86
1320054	86
1336017	86
1341188	86
1347954	86
51525	87
54512	87
54887	87
69083	87
98299	87
120789	87
122547	87
283768	87
563714	87
611140	87
649530	87
830297	87
866605	87
1264071	87
1300706	87
1311471	87
1350811	87
52276	88
70359	88
91526	88
116173	88
136496	88
1404424	88
180259	89
181060	89
691095	89
730742	89
1246175	89
1329914	89
46959	90
75223	90
79560	90
84440	90
109301	90
144451	90
261019	90
467794	90
1117788	90
61403	91
64023	91
72216	91
91306	91
111630	91
126712	91
801866	91
845018	91
1052498	91
82658	92
91323	92
95528	92
120791	92
161497	92
393508	92
59663	93
73676	93
79890	93
107506	93
133442	93
212450	93
1029151	93
1306696	93
