97461	6
124809	6
163670	6
541753	6
1466403	6
2119130	6
2275757	6
2362590	6
3021441	6
78907	7
79400	7
89032	7
100904	7
133814	7
156654	7
165295	7
831214	7
1725402	7
1727790	7
1776703	7
1906266	7
2284058	7
3113858	7
97912	8
104150	8
122526	8
123065	8
303833	8
1289304	8
1306216	8
1505052	8
2364674	8
2523374	8
2909115	8
76491	9
87584	9
89756	9
97539	9
150085	9
198343	9
261598	9
598988	9
1898484	9
2107482	9
2283762	9
2695142	9
92126	10
106671	10
157074	10
371151	10
1002610	10
1087448	10
1223423	10
1503734	10
1642763	10
1911067	10
2386863	10
2388629	10
2443784	10
107665	11
120813	11
147396	11
226281	11
233266	11
275180	11
305565	11
476057	11
486419	11
968390	11
1053960	11
1246490	11
1486705	11
1564090	11
2291606	11
2315180	11
2349119	11
3219204	11
3393431	11
100801	12
112236	12
115531	12
117931	12
130046	12
168940	12
438790	12
1471397	12
1734837	12
2170022	12
2350840	12
2475582	12
2587198	12
136464	13
162050	13
228145	13
287000	13
751986	13
1222948	13
1518753	13
2388150	13
2426218	13
2514192	13
2879627	13
3035023	13
3163586	13
3457546	13
65494	14
67728	14
81404	14
84893	14
160071	14
166552	14
295406	14
318390	14
614490	14
1290414	14
1473698	14
1475251	14
2381851	14
2420901	14
2423278	14
2430207	14
2484501	14
2534341	14
2556643	14
71145	15
72137	15
74077	15
130533	15
138213	15
204202	15
299113	15
325625	15
344119	15
622823	15
754172	15
899253	15
2290751	15
2404204	15
2424781	15
3234675	15
148157	16
148781	16
152054	16
261820	16
772800	16
1242716	16
1494045	16
1605553	16
1643118	16
2279731	16
2294502	16
2424516	16
2521269	16
2935809	16
3182907	16
234180	17
307659	17
323234	17
1305620	17
1458314	17
1516667	17
2756816	17
2853826	17
2995301	17
71984	18
121317	18
141670	18
161603	18
281010	18
298000	18
306002	18
1482320	18
1660253	18
1846157	18
3011780	18
3208039	18
67210	19
97873	19
101629	19
116777	19
141307	19
163176	19
178788	19
436194	19
474923	19
613496	19
1094263	19
1274398	19
2546711	19
103780	20
106013	20
116502	20
151142	20
162029	20
162993	20
199888	20
246156	20
252860	20
282125	20
315448	20
320901	20
905247	20
1232499	20
1600139	20
1907005	20
2055500	20
2957462	20
3156689	20
3219638	20
67310	21
241962	21
1067223	21
1861328	21
1886803	21
2174579	21
2283203	21
2571033	21
96998	22
104054	22
123636	22
159440	22
250476	22
269277	22
282909	22
309736	22
620242	22
2169265	22
3269355	22
72734	23
79194	23
103552	23
147009	23
210830	23
315745	23
593824	23
614538	23
2356678	23
2917856	23
3136460	23
3156237	23
139203	24
146445	24
268308	24
325831	24
326987	24
613925	24
673077	24
1233615	24
1510269	24
1676458	24
1864593	24
1974569	24
1975796	24
2107581	24
2382646	24
2572315	24
3221477	24
80056	25
91087	25
95122	25
117170	25
127222	25
134010	25
141872	25
164621	25
290330	25
564044	25
1292117	25
1780089	25
2386783	25
2951370	25
3241711	25
73994	26
74875	26
89598	26
105826	26
143935	26
160057	26
352396	26
417459	26
1433494	26
1773333	26
2173520	26
2380962	26
2440413	26
2616082	26
2923772	26
2942154	26
3201981	26
3270146	26
69989	27
130979	27
148369	27
624502	27
1283730	27
1756605	27
2127590	27
2425103	27
2442378	27
2547707	27
2592773	27
2804111	27
3047181	27
109184	28
163529	28
231516	28
275902	28
1644207	28
2125970	28
2383917	28
2393862	28
2437430	28
3227935	28
3233494	28
3354680	28
143946	29
154174	29
253331	29
1286200	29
1679308	29
3240008	29
69240	30
87551	30
90774	30
93598	30
141413	30
146368	30
163287	30
273608	30
711109	30
896128	30
1107378	30
1509379	30
2364263	30
2401176	30
2557011	30
352159	31
1246379	31
1330184	31
1433232	31
1790687	31
2361095	31
2761797	31
2982643	31
70076	32
94486	32
97500	32
103481	32
119679	32
161260	32
166046	32
211914	32
1461047	32
1487509	32
1504222	32
1842656	32
1960178	32
2320358	32
2360416	32
2940092	32
2997329	32
3117292	32
72778	33
74855	33
99460	33
124249	33
132901	33
148147	33
159316	33
260577	33
280865	33
351245	33
2550904	33
2773860	33
3171026	33
3220072	33
3222002	33
3381975	33
78939	34
245830	34
516530	34
702367	34
893309	34
1575203	34
1848035	34
2078319	34
2357185	34
2444504	34
2510746	34
2575484	34
3225390	34
3402162	34
3421673	34
110355	35
127928	35
146906	35
156669	35
164619	35
289712	35
373737	35
531568	35
1315448	35
1616705	35
1907108	35
1980981	35
2047493	35
2235197	35
2385042	35
3207274	35
3252396	35
127099	36
152420	36
163520	36
946265	36
1285693	36
1494603	36
1850082	36
2234310	36
2635121	36
95456	37
95788	37
102936	37
141146	37
149928	37
251313	37
512390	37
605073	37
1496894	37
1506735	37
1686549	37
1969229	37
2360469	37
2360649	37
2385417	37
2560793	37
3228182	37
146341	38
170206	38
343675	38
359587	38
1034659	38
2109668	38
2811981	38
3138224	38
3289387	38
82403	39
94899	39
116342	39
151987	39
158500	39
269517	39
2306763	39
2422489	39
2559348	39
3079862	39
3178012	39
96324	40
154616	40
311706	40
611663	40
622187	40
852329	40
1332398	40
1485959	40
1552400	40
1895871	40
2531475	40
2602943	40
94300	41
101136	41
104170	41
111101	41
119537	41
149935	41
164283	41
296500	41
1921520	41
2122162	41
2597485	41
3236513	41
3480168	41
90615	42
103018	42
113405	42
196730	42
597545	42
597953	42
677498	42
1224743	42
1253713	42
1527266	42
1715905	42
2060967	42
2362360	42
2366055	42
2590637	42
3067607	42
3154758	42
3162596	42
83659	43
100439	43
106931	43
133890	43
295915	43
1455542	43
1603249	43
1656458	43
2156307	43
2535963	43
2613883	43
3112283	43
68747	44
120356	44
136227	44
204670	44
282854	44
290905	44
624638	44
1957573	44
2110314	44
2464502	44
2558183	44
2783683	44
3181896	44
3251782	44
98918	45
151164	45
217354	45
1348887	45
1349128	45
1359325	45
1539429	45
1846276	45
2112621	45
2361594	45
2575034	45
3151169	45
3221220	45
3402503	45
117053	46
139052	46
140961	46
142235	46
394846	46
970029	46
1293617	46
1350447	46
1845016	46
1857414	46
2362256	46
2421901	46
2484954	46
2515520	46
3116489	46
76595	47
106426	47
125615	47
153993	47
422721	47
1863227	47
2284790	47
110512	48
117623	48
123923	48
134410	48
300725	48
324944	48
1350137	48
1485047	48
1660308	48
1668040	48
1910332	48
2106978	48
2108642	48
2256031	48
2423426	48
3226111	48
3228820	48
98519	49
99912	49
1868020	49
1960176	49
2119254	49
266138	50
295451	50
828419	50
1353159	50
1586866	50
2284483	50
2308335	50
2387971	50
2517973	50
2520926	50
2866787	50
3059219	50
641033	51
1145119	51
1472705	51
1515853	51
1902416	51
2117943	51
2163178	51
2368816	51
2389194	51
2484864	51
2583297	51
94614	52
118106	52
156224	52
157090	52
160134	52
1483870	52
1530967	52
2361667	52
2736613	52
3350751	52
92640	53
105123	53
124267	53
140890	53
155746	53
262633	53
356847	53
1493839	53
1845098	53
1969774	53
1977456	53
2134454	53
2236395	53
2746464	53
3252657	53
73277	54
121125	54
125727	54
128585	54
145505	54
146838	54
156658	54
542239	54
934505	54
1486027	54
2112283	54
2306599	54
78292	55
149143	55
150128	55
210283	55
245232	55
744049	55
1411471	55
1618328	55
1884532	55
2120378	55
2567120	55
2985349	55
88592	56
92981	56
125393	56
158406	56
323197	56
572745	56
726617	56
1245962	56
1255765	56
1283088	56
2169363	56
3281052	56
353646	57
876754	57
1472888	57
2107429	57
2112697	57
2288623	57
2364088	57
3252572	57
3442552	57
91200	58
103173	58
117927	58
382013	58
1234051	58
1651442	58
2291649	58
2390355	58
2561968	58
74173	59
95044	59
128763	59
255362	59
261623	59
694303	59
1011366	59
1247924	59
1361337	59
1371843	59
1538069	59
1674418	59
2427258	59
3211475	59
3236653	59
105277	60
119929	60
125880	60
136658	60
157600	60
165136	60
232511	60
534304	60
820489	60
1220710	60
1380506	60
2214943	60
2404140	60
2520653	60
3348740	60
78890	61
94866	61
99095	61
103781	61
137354	61
139990	61
141367	61
147452	61
200499	61
291199	61
291568	61
297508	61
298440	61
856376	61
1610105	61
2146070	61
2529135	61
3021952	61
3208596	61
66213	62
78529	62
103028	62
135858	62
234156	62
2361598	62
2597245	62
2659636	62
3181299	62
71303	63
76386	63
83568	63
90276	63
98079	63
102734	63
121265	63
132980	63
136543	63
263177	63
377714	63
1370856	63
1643726	63
2108657	63
2154818	63
2290265	63
2414622	63
2483133	63
108537	64
108647	64
145400	64
151286	64
288431	64
806714	64
1005378	64
1241207	64
2281867	64
2390530	64
2400854	64
2423851	64
2456702	64
2706130	64
3273594	64
67126	65
125894	65
166968	65
254239	65
273334	65
1318769	65
1359135	65
1513235	65
2228783	65
2369039	65
2448659	65
2556291	65
92191	66
97876	66
101821	66
152761	66
165695	66
1463586	66
1653294	66
1731095	66
2362034	66
2445239	66
2700627	66
2957390	66
3375908	66
96047	67
98845	67
113449	67
132375	67
153954	67
154875	67
1127215	67
1246380	67
1312326	67
1532370	67
1906820	67
2314642	67
2348465	67
2603651	67
3115839	67
3134210	67
85243	68
94536	68
166937	68
250172	68
251224	68
486260	68
1463220	68
1968580	68
2109277	68
2389121	68
2482714	68
2546188	68
114554	69
161282	69
165300	69
172190	69
628960	69
1409007	69
1892311	69
1922188	69
2280993	69
2284823	69
2556569	69
2575787	69
3224369	69
3410717	69
120071	70
134645	70
158903	70
615581	70
1104136	70
1252156	70
1348883	70
2108307	70
2108556	70
94656	71
100453	71
117281	71
125555	71
143074	71
236826	71
453445	71
1178618	71
1274335	71
1358006	71
1358582	71
1884642	71
2123978	71
2194049	71
3031935	71
70183	72
82083	72
167897	72
207641	72
394929	72
1246876	72
2068622	72
2177892	72
2304202	72
2383877	72
2463917	72
3104398	72
76555	73
97450	73
111561	73
123951	73
308329	73
1248858	73
1726597	73
1861850	73
2142674	73
2220221	73
2346692	73
2413097	73
2849660	73
69846	74
123657	74
154212	74
271208	74
615139	74
702554	74
1445026	74
2398980	74
2481617	74
2562418	74
2581707	74
2928997	74
3290574	74
70858	75
147279	75
152727	75
594455	75
947238	75
959886	75
1306746	75
1905513	75
1906886	75
3119351	75
3126273	75
3175187	75
3206247	75
3271246	75
123328	76
143689	76
606042	76
2310718	76
2342020	76
3110163	76
3198661	76
81966	77
108034	77
116223	77
126932	77
305101	77
321349	77
1645286	77
2192165	77
2358575	77
2393247	77
3125694	77
3404899	77
86874	78
98619	78
163961	78
956469	78
1021566	78
1358795	78
2112706	78
2403112	78
2440869	78
2521725	78
2551114	78
3091928	78
129496	79
146496	79
162514	79
248038	79
248929	79
277012	79
322845	79
343723	79
606153	79
1297771	79
1340232	79
1786156	79
2366111	79
3247305	79
102604	80
124196	80
251840	80
2281230	80
2509545	80
2562680	80
90958	81
120024	81
154312	81
280368	81
1469582	81
1514404	81
1562750	81
1844290	81
2276175	81
2343296	81
2383017	81
2429419	81
3180670	81
3233104	81
88175	82
90248	82
105581	82
108832	82
128740	82
135779	82
163655	82
215630	82
1040313	82
1134662	82
1372121	82
1460081	82
1461827	82
2482971	82
3061930	82
3285843	82
89848	83
90529	83
144497	83
166818	83
255445	83
308342	83
901729	83
1464468	83
1501545	83
2557175	83
3013088	83
3153296	83
3204977	83
3215064	83
3272095	83
3388738	83
78361	84
88049	84
92019	84
101830	84
104633	84
117292	84
150592	84
160225	84
755222	84
1411369	84
1506255	84
1506571	84
1579908	84
2311444	84
2420993	84
2421896	84
2554816	84
3142520	84
3272194	84
66467	85
71374	85
90581	85
90836	85
103763	85
107606	85
142519	85
145509	85
148223	85
154683	85
161070	85
228593	85
268988	85
900677	85
1030417	85
1240482	85
1441276	85
1725354	85
2390723	85
101957	86
145232	86
148898	86
166518	86
309499	86
1385389	86
1895337	86
2429996	86
2577796	86
3152778	86
3170226	86
3264727	86
102118	87
123194	87
123312	87
148576	87
153081	87
1306361	87
2158980	87
2278871	87
2291678	87
2417488	87
2417633	87
2729544	87
240179	88
1821095	88
3375339	88
68258	89
87946	89
139867	89
1245542	89
1352398	89
118495	90
126858	90
132569	90
898885	90
973891	90
1248603	90
1465517	90
2040961	90
78282	91
250485	91
324746	91
2118104	91
2153815	91
66424	92
82485	92
84364	92
131846	92
298163	92
2275987	92
92083	93
103169	93
221350	93
618747	93
2416049	93
2910078	93
