2070	6
4893	6
6115	6
9158	6
19214	6
19427	6
20960	6
27494	6
28614	6
29441	6
32483	6
32506	6
33693	6
36148	6
44200	6
46227	6
53463	6
61796	6
63995	6
66705	6
82015	6
89862	6
93361	6
95080	6
151254	6
687265	6
1071827	6
1668042	6
1669914	6
1682000	6
1682150	6
1690296	6
1725844	6
1727047	6
1743560	6
2613	7
2850	7
6943	7
14334	7
14353	7
15580	7
16018	7
18736	7
22788	7
33943	7
37184	7
38094	7
46133	7
46246	7
67396	7
72046	7
76636	7
78288	7
82171	7
86578	7
98679	7
99149	7
108433	7
124289	7
130250	7
150043	7
174751	7
197278	7
199679	7
1681224	7
1682004	7
1685284	7
1686176	7
1687747	7
1690382	7
1702691	7
1716336	7
1739455	7
1748159	7
1749182	7
1768958	7
1804160	7
3268	8
6652	8
9793	8
9939	8
11927	8
17043	8
23059	8
23095	8
24002	8
26578	8
29539	8
31438	8
42645	8
51292	8
52965	8
53992	8
72346	8
75547	8
78254	8
82718	8
84666	8
90921	8
91008	8
109457	8
111640	8
153390	8
180822	8
201515	8
239105	8
1352807	8
1482348	8
1664772	8
1667269	8
1668932	8
1675899	8
1679408	8
1682134	8
1682530	8
1741576	8
1749359	8
2843	9
8829	9
13606	9
14931	9
16995	9
18370	9
21716	9
28390	9
35171	9
39829	9
41432	9
42127	9
44236	9
44788	9
47118	9
52525	9
67974	9
68244	9
75556	9
77632	9
79493	9
81466	9
87883	9
89396	9
91627	9
94411	9
97750	9
99016	9
127211	9
140583	9
141315	9
163626	9
200419	9
218092	9
242585	9
1665140	9
1669178	9
1671910	9
1674981	9
1676055	9
1676089	9
1677650	9
1683595	9
1684381	9
1701982	9
1707239	9
1721903	9
1725851	9
1744723	9
1753735	9
1756870	9
3100	10
9384	10
10006	10
10013	10
16806	10
18196	10
20158	10
21410	10
24940	10
25203	10
29283	10
32136	10
41856	10
48597	10
50643	10
57640	10
58388	10
58827	10
59599	10
59894	10
60126	10
65451	10
67943	10
68506	10
69224	10
77813	10
83499	10
90222	10
91073	10
91456	10
93207	10
119696	10
129886	10
149882	10
179012	10
185771	10
190196	10
195919	10
198438	10
286598	10
956221	10
1667624	10
1672347	10
1676959	10
1686617	10
1688284	10
1689174	10
1701759	10
1710112	10
1846050	10
6537	11
9024	11
10604	11
14855	11
15018	11
15650	11
16202	11
19646	11
20329	11
21558	11
22364	11
24533	11
26023	11
29513	11
38998	11
41945	11
43421	11
44199	11
50830	11
62456	11
63225	11
64235	11
64752	11
70517	11
76605	11
80391	11
86057	11
86200	11
92472	11
93975	11
93977	11
99259	11
106967	11
143875	11
143918	11
146114	11
162178	11
189836	11
204677	11
205556	11
206843	11
223824	11
361055	11
1077417	11
1672374	11
1673132	11
1676447	11
1680280	11
1680488	11
1691020	11
1694194	11
1706584	11
326	12
3852	12
5607	12
5859	12
7187	12
8188	12
8217	12
8572	12
12177	12
15531	12
15779	12
17673	12
17700	12
18176	12
18299	12
20198	12
20539	12
21929	12
22678	12
23361	12
23528	12
24007	12
24247	12
26513	12
26893	12
28405	12
29006	12
29188	12
29674	12
30001	12
31263	12
32653	12
33069	12
33482	12
33663	12
35130	12
35626	12
38129	12
40782	12
41588	12
43523	12
43658	12
44884	12
45681	12
45894	12
46515	12
47603	12
48686	12
51697	12
52328	12
52968	12
53269	12
54435	12
54458	12
54697	12
55414	12
55791	12
56483	12
59041	12
59283	12
60000	12
61197	12
61367	12
61653	12
61862	12
68431	12
68746	12
70698	12
71083	12
72741	12
73055	12
73997	12
74647	12
75322	12
76941	12
77930	12
78188	12
83148	12
83398	12
86896	12
87225	12
90034	12
90754	12
91470	12
92079	12
92740	12
97682	12
101206	12
105922	12
112704	12
113171	12
148541	12
152569	12
171545	12
172892	12
187903	12
188264	12
195448	12
204912	12
205990	12
206075	12
209593	12
224858	12
272799	12
297522	12
369380	12
710163	12
1142773	12
1368631	12
1427876	12
1664568	12
1665527	12
1667109	12
1669295	12
1671600	12
1671601	12
1673317	12
1674256	12
1677215	12
1677699	12
1679474	12
1680197	12
1682699	12
1684535	12
1685177	12
1688489	12
1688534	12
1688833	12
1689681	12
1689886	12
1690583	12
1690736	12
1691100	12
1692210	12
1694398	12
1696038	12
1711744	12
1718473	12
1754342	12
1765432	12
1775857	12
1798167	12
1799811	12
1849161	12
3693	13
4440	13
5726	13
6121	13
6535	13
6817	13
7788	13
10355	13
11603	13
11607	13
12375	13
14927	13
16648	13
19679	13
20123	13
21214	13
22598	13
23825	13
25532	13
26482	13
27859	13
28688	13
29089	13
31273	13
31311	13
31530	13
31823	13
32155	13
32621	13
33819	13
36697	13
38000	13
43015	13
47516	13
48682	13
50799	13
51091	13
51520	13
51621	13
51678	13
52980	13
53890	13
54572	13
55361	13
55521	13
56205	13
56710	13
56986	13
57252	13
59457	13
59626	13
61614	13
62720	13
64409	13
65441	13
66712	13
68763	13
69317	13
69523	13
69570	13
70773	13
71302	13
71415	13
76318	13
76397	13
76629	13
77440	13
77644	13
78400	13
82815	13
83053	13
85647	13
86571	13
87193	13
90753	13
91699	13
91929	13
92126	13
92517	13
94106	13
94829	13
95447	13
95537	13
97877	13
97992	13
98150	13
98204	13
99841	13
104434	13
104589	13
104743	13
110533	13
125053	13
126900	13
142695	13
147662	13
150274	13
162333	13
167802	13
168287	13
170066	13
173163	13
173237	13
173569	13
175381	13
188442	13
192824	13
198485	13
199591	13
202168	13
208194	13
229762	13
479950	13
1040829	13
1663994	13
1668206	13
1669747	13
1670446	13
1674019	13
1674996	13
1675201	13
1676529	13
1676897	13
1677758	13
1677854	13
1679107	13
1680246	13
1680568	13
1680919	13
1681198	13
1681886	13
1683544	13
1684558	13
1684928	13
1688175	13
1688217	13
1692361	13
1693369	13
1693476	13
1697647	13
1702091	13
1709951	13
1710047	13
1726315	13
1748847	13
1760264	13
1785383	13
1788762	13
1793907	13
1794492	13
1803617	13
1854385	13
1856713	13
1878991	13
1893489	13
2083	14
2835	14
6083	14
7869	14
18285	14
18923	14
19886	14
19910	14
25338	14
29251	14
31717	14
32314	14
35803	14
37637	14
41905	14
42562	14
50988	14
56754	14
58978	14
59209	14
63505	14
65302	14
69130	14
69181	14
72307	14
72334	14
76046	14
76489	14
84513	14
85243	14
86434	14
89342	14
89671	14
90048	14
94108	14
95326	14
108789	14
117795	14
183500	14
188556	14
208843	14
213970	14
1388143	14
1664951	14
1675074	14
1685964	14
1689634	14
1690368	14
1696946	14
1700116	14
1713674	14
1753971	14
1762212	14
1808124	14
1852220	14
4830	15
7277	15
10401	15
12595	15
13148	15
15566	15
18718	15
19985	15
24274	15
26421	15
26496	15
26875	15
30961	15
32075	15
35491	15
42975	15
43662	15
55350	15
56096	15
56347	15
57223	15
60204	15
62367	15
64148	15
71135	15
71905	15
78742	15
81168	15
81332	15
84073	15
84208	15
84481	15
85051	15
85592	15
85696	15
87704	15
88498	15
88912	15
92336	15
95546	15
100313	15
109785	15
116595	15
144687	15
163338	15
170554	15
171035	15
174164	15
995082	15
1664300	15
1667321	15
1671966	15
1672340	15
1677807	15
1684350	15
1695177	15
1710573	15
1746695	15
1765613	15
1802540	15
1803473	15
1857994	15
794	16
9244	16
10569	16
12354	16
12922	16
13725	16
36109	16
36355	16
38698	16
41235	16
42002	16
44052	16
48775	16
50569	16
50835	16
56850	16
58682	16
58948	16
65269	16
68638	16
77647	16
79334	16
79718	16
84852	16
84970	16
86589	16
94748	16
96738	16
100898	16
106750	16
119669	16
175724	16
175821	16
175929	16
207993	16
215685	16
411575	16
1669610	16
1676966	16
1677221	16
1683431	16
1692991	16
1697356	16
1722528	16
1770130	16
2236	17
6538	17
12979	17
13729	17
16239	17
22180	17
23653	17
27922	17
29013	17
29668	17
34511	17
37509	17
37841	17
38706	17
54174	17
55969	17
56405	17
60293	17
66694	17
67158	17
67967	17
70423	17
70986	17
75172	17
76643	17
78772	17
83323	17
86998	17
89689	17
91023	17
95783	17
97571	17
98239	17
98484	17
109332	17
146780	17
173052	17
188262	17
189576	17
200671	17
203727	17
205161	17
281348	17
309196	17
1666978	17
1671831	17
1676882	17
1682908	17
1685882	17
1714797	17
1722477	17
1769011	17
951	18
11061	18
22178	18
22190	18
22631	18
34396	18
34662	18
51775	18
54429	18
55469	18
56599	18
57358	18
67209	18
71117	18
76153	18
76978	18
77108	18
77600	18
79965	18
83783	18
85748	18
87837	18
94448	18
95191	18
96373	18
96437	18
102964	18
123552	18
139316	18
144501	18
154884	18
181756	18
194455	18
210074	18
1667945	18
1688527	18
1694222	18
1698494	18
1811252	18
1860955	18
1905647	18
457	19
22726	19
25321	19
25666	19
48731	19
50928	19
53923	19
57197	19
57813	19
64471	19
70491	19
72381	19
72643	19
80269	19
83502	19
90110	19
109903	19
115286	19
148438	19
162452	19
173243	19
175796	19
178768	19
188617	19
190199	19
191437	19
203411	19
710906	19
1133542	19
1665377	19
1667428	19
1694900	19
1857972	19
1893730	19
1130	20
5038	20
5228	20
7300	20
7933	20
17519	20
23603	20
27068	20
28749	20
31475	20
32131	20
32243	20
34211	20
36097	20
36957	20
41314	20
47631	20
56123	20
67858	20
69515	20
69733	20
70105	20
73902	20
75861	20
86454	20
96219	20
154971	20
163216	20
183446	20
183898	20
190851	20
196276	20
379476	20
958794	20
1664854	20
1674218	20
1699877	20
1703746	20
1725736	20
1794615	20
5911	21
14065	21
14345	21
14446	21
14942	21
15174	21
22047	21
22069	21
29872	21
34481	21
35237	21
50608	21
52086	21
52812	21
54607	21
57395	21
64590	21
66587	21
71987	21
72952	21
74859	21
75669	21
76815	21
82765	21
87199	21
88057	21
89571	21
91081	21
91477	21
92034	21
126477	21
154119	21
156965	21
202084	21
205664	21
283672	21
533603	21
1011330	21
1482118	21
1664151	21
1664597	21
1676013	21
1684453	21
1684851	21
1690320	21
1697077	21
1731132	21
1780061	21
1799108	21
1882000	21
274	22
6060	22
18448	22
23521	22
27771	22
29533	22
32697	22
34707	22
34766	22
35677	22
37796	22
43180	22
54912	22
56422	22
57765	22
61758	22
62200	22
65257	22
70074	22
75430	22
76015	22
81004	22
84404	22
88790	22
97368	22
154854	22
170240	22
182064	22
198514	22
204926	22
223867	22
278858	22
1674142	22
1676008	22
1680355	22
1681035	22
1689989	22
1690776	22
1692521	22
1696264	22
1852579	22
1874022	22
1217	23
1846	23
4394	23
4766	23
5938	23
6257	23
8670	23
10549	23
12675	23
13504	23
15089	23
15340	23
17179	23
19171	23
20862	23
23494	23
26337	23
28687	23
29800	23
30130	23
31834	23
31995	23
32304	23
33987	23
37764	23
41867	23
44127	23
56416	23
70175	23
73246	23
73663	23
78906	23
81078	23
81951	23
82759	23
88852	23
88939	23
90382	23
117876	23
118516	23
125537	23
126186	23
156782	23
166084	23
201154	23
208373	23
1664497	23
1673491	23
1675771	23
1678950	23
1692774	23
1697603	23
1706477	23
1709734	23
1711708	23
1717107	23
1719627	23
1766697	23
1778373	23
1808148	23
1867495	23
1895440	23
1848	24
3672	24
4691	24
4805	24
5520	24
9193	24
9897	24
10815	24
13932	24
15599	24
22453	24
24276	24
27002	24
28580	24
29502	24
31790	24
34941	24
36454	24
37290	24
37314	24
38037	24
44630	24
49213	24
51559	24
53773	24
54794	24
55283	24
56642	24
58791	24
67185	24
68974	24
69283	24
72319	24
75747	24
79093	24
83336	24
83585	24
84875	24
88856	24
90177	24
90373	24
91055	24
92725	24
93579	24
95150	24
97169	24
100335	24
107920	24
112893	24
119625	24
122934	24
141742	24
149601	24
150738	24
155894	24
175092	24
180410	24
180489	24
181624	24
202050	24
218478	24
512630	24
1664632	24
1668668	24
1671372	24
1674242	24
1674249	24
1677098	24
1681152	24
1686815	24
1688165	24
1690553	24
1690978	24
1694578	24
1695407	24
1697071	24
1706695	24
1716604	24
1775049	24
1786395	24
1852390	24
2858	25
6310	25
7031	25
7752	25
8044	25
11783	25
14388	25
17984	25
21642	25
25281	25
25960	25
26440	25
27043	25
27232	25
28239	25
29525	25
29627	25
33381	25
40796	25
49506	25
49709	25
50914	25
58186	25
60214	25
61336	25
63528	25
67323	25
71852	25
91572	25
94190	25
95564	25
96954	25
118589	25
131256	25
168392	25
178710	25
219599	25
235274	25
1665249	25
1675986	25
1685258	25
1689794	25
1696141	25
1696347	25
1715753	25
1737076	25
1489	26
5717	26
10442	26
10473	26
19223	26
20824	26
21538	26
21770	26
22116	26
24103	26
25876	26
29346	26
35460	26
38220	26
46538	26
47896	26
49977	26
51022	26
56346	26
57402	26
61387	26
61756	26
64781	26
69571	26
74433	26
78088	26
81051	26
81609	26
81974	26
83624	26
83626	26
85512	26
85941	26
89178	26
89394	26
93082	26
94274	26
98675	26
103522	26
117373	26
119592	26
125705	26
149232	26
159150	26
160584	26
171596	26
172280	26
181943	26
187863	26
200089	26
219790	26
353915	26
774799	26
1665069	26
1684707	26
1685528	26
1690236	26
1692116	26
1693413	26
1694551	26
1696079	26
1731994	26
1781662	26
1784307	26
1857727	26
693	27
5499	27
8805	27
22085	27
23970	27
24208	27
25204	27
30139	27
35744	27
37131	27
50237	27
52551	27
56488	27
61424	27
61694	27
64929	27
65925	27
66389	27
78274	27
82553	27
84293	27
85436	27
89525	27
94688	27
97526	27
97898	27
141489	27
148436	27
167654	27
187110	27
206647	27
213198	27
299108	27
1668943	27
1680517	27
1687369	27
1696867	27
1708028	27
1799330	27
7584	28
11960	28
17647	28
28194	28
29836	28
31575	28
31712	28
31775	28
32059	28
34360	28
38178	28
45591	28
46807	28
48153	28
52596	28
52792	28
59535	28
62234	28
75360	28
81686	28
84568	28
85790	28
88150	28
88600	28
89008	28
91021	28
92272	28
93058	28
95089	28
98553	28
99069	28
143676	28
146892	28
147367	28
169612	28
174984	28
179366	28
187624	28
199164	28
1437485	28
1676114	28
1693562	28
1712788	28
1777960	28
1788133	28
2712	29
2796	29
3472	29
3965	29
5223	29
7549	29
9447	29
10915	29
11553	29
11820	29
13884	29
14242	29
15987	29
18662	29
18916	29
24765	29
28124	29
28347	29
30917	29
32827	29
33242	29
37911	29
39514	29
40831	29
44208	29
47245	29
49107	29
53723	29
54190	29
55718	29
58011	29
58726	29
58870	29
61869	29
64961	29
68342	29
73304	29
74377	29
75752	29
76701	29
77369	29
80673	29
83909	29
86447	29
91435	29
93230	29
94028	29
94416	29
97679	29
98612	29
98996	29
100345	29
100681	29
113745	29
118564	29
123239	29
147480	29
150185	29
160941	29
162171	29
178287	29
194058	29
195683	29
196838	29
204228	29
205364	29
209545	29
217232	29
1463921	29
1664419	29
1667108	29
1669820	29
1672759	29
1673531	29
1677178	29
1678582	29
1679527	29
1683151	29
1684445	29
1686321	29
1687002	29
1688533	29
1688540	29
1690474	29
1690686	29
1692069	29
1696935	29
1705954	29
1718704	29
1740764	29
1742359	29
1749784	29
1769031	29
1779896	29
1781594	29
1794988	29
1795483	29
940	30
7381	30
8521	30
14886	30
18323	30
22023	30
23945	30
24983	30
25680	30
26447	30
29180	30
29449	30
31812	30
34133	30
37082	30
39304	30
45580	30
45924	30
50303	30
50869	30
52009	30
52706	30
53390	30
54246	30
56909	30
57923	30
60526	30
60754	30
62690	30
76084	30
82431	30
84152	30
86189	30
90653	30
92640	30
116033	30
123659	30
128790	30
139231	30
176939	30
180378	30
187921	30
193039	30
217704	30
269459	30
521489	30
1143507	30
1683264	30
1684101	30
1700271	30
1710460	30
1747254	30
1766484	30
1777557	30
1780700	30
1806816	30
1867278	30
376	31
1931	31
3065	31
5583	31
6470	31
11336	31
20693	31
23080	31
28952	31
31557	31
33748	31
35516	31
35610	31
35982	31
38345	31
40589	31
43644	31
49376	31
51342	31
53055	31
56316	31
58988	31
60965	31
63892	31
87486	31
89991	31
92554	31
95107	31
96051	31
96493	31
119013	31
133473	31
147710	31
148324	31
167277	31
187264	31
207825	31
302433	31
363746	31
1665389	31
1672430	31
1689338	31
1691710	31
1692013	31
1770687	31
1773408	31
1778214	31
1811329	31
1873390	31
2226	32
6037	32
6909	32
19480	32
24062	32
27392	32
29276	32
32928	32
35188	32
39663	32
55288	32
57757	32
63698	32
69976	32
72814	32
84181	32
90173	32
94050	32
95109	32
105133	32
111473	32
115139	32
144817	32
157187	32
181768	32
186983	32
190184	32
200427	32
979342	32
1001172	32
1299192	32
1665612	32
1669163	32
1684212	32
1842936	32
12069	33
22864	33
29222	33
32854	33
40015	33
50933	33
52024	33
54652	33
54789	33
58469	33
66741	33
74546	33
76312	33
82870	33
88342	33
97960	33
106690	33
107210	33
144865	33
212309	33
1671267	33
1707379	33
1760	34
2242	34
5479	34
5664	34
10054	34
27028	34
35700	34
46300	34
50518	34
53595	34
54279	34
56826	34
61059	34
67752	34
71781	34
72281	34
75312	34
91700	34
190845	34
209911	34
218775	34
357728	34
1674790	34
1684262	34
1686136	34
1691641	34
1860292	34
5117	35
7925	35
13804	35
18753	35
19514	35
20267	35
21711	35
21834	35
25878	35
26321	35
35832	35
36015	35
36078	35
36818	35
42441	35
43808	35
47680	35
56727	35
58391	35
58817	35
64849	35
66245	35
67557	35
69118	35
69327	35
70417	35
74666	35
74944	35
78434	35
78818	35
83153	35
86400	35
86712	35
87871	35
89347	35
92051	35
93443	35
93945	35
99404	35
122994	35
141147	35
146396	35
164024	35
192970	35
203291	35
233720	35
381788	35
992792	35
1042082	35
1667233	35
1667821	35
1669126	35
1675570	35
1676154	35
1687580	35
1688389	35
1689680	35
1693953	35
1694961	35
1700373	35
1703245	35
1741548	35
1747855	35
1773571	35
1788749	35
1845845	35
1899185	35
1341	36
4678	36
6811	36
7316	36
9761	36
11716	36
14164	36
21725	36
23910	36
25520	36
25894	36
26317	36
27816	36
28920	36
50778	36
53300	36
56304	36
58491	36
64490	36
68698	36
69170	36
70890	36
76736	36
81016	36
90450	36
92429	36
94533	36
96025	36
97161	36
98716	36
110028	36
118215	36
124752	36
125437	36
150541	36
179711	36
292655	36
412311	36
1276621	36
1677277	36
1688110	36
1741055	36
1760956	36
1782938	36
1790163	36
7902	37
14332	37
14778	37
14894	37
15709	37
28143	37
31165	37
33521	37
39086	37
46129	37
49127	37
52966	37
54057	37
69082	37
69210	37
70886	37
75892	37
76049	37
79968	37
84999	37
87035	37
99097	37
106675	37
109211	37
158115	37
186556	37
194664	37
206484	37
255266	37
825124	37
1675659	37
1687635	37
1699009	37
1707463	37
1711543	37
1740887	37
1741046	37
1777362	37
1781559	37
1848460	37
1873951	37
4573	38
7395	38
10170	38
11159	38
14924	38
34277	38
40336	38
40902	38
58096	38
83465	38
85059	38
86837	38
89477	38
95195	38
98976	38
116880	38
181320	38
201735	38
203735	38
384138	38
1679123	38
1680277	38
1683194	38
1684303	38
1688786	38
1689247	38
1769792	38
1811487	38
4072	39
5560	39
7276	39
7826	39
9448	39
10450	39
15071	39
16363	39
17296	39
19499	39
24617	39
27801	39
28328	39
29454	39
30609	39
37589	39
42772	39
43940	39
46492	39
50422	39
50691	39
51053	39
52944	39
57468	39
59485	39
61319	39
63319	39
68125	39
79671	39
83011	39
83016	39
84889	39
86818	39
96559	39
99598	39
120123	39
124770	39
141060	39
158620	39
160054	39
173107	39
184482	39
223281	39
231537	39
403458	39
684965	39
1682500	39
1685699	39
1689411	39
1874739	39
5432	40
10797	40
14217	40
18064	40
18619	40
19573	40
21318	40
25017	40
28539	40
35789	40
39581	40
41624	40
58677	40
59451	40
60064	40
60267	40
61542	40
67076	40
69589	40
70391	40
75321	40
85345	40
91660	40
94422	40
95921	40
96233	40
107963	40
153402	40
181496	40
192042	40
204984	40
1063033	40
1075169	40
1458616	40
1678685	40
1681754	40
1698733	40
1704019	40
1904047	40
7890	41
25105	41
26508	41
28505	41
30585	41
30854	41
33250	41
33822	41
35247	41
53036	41
53642	41
60393	41
60904	41
61890	41
69744	41
75744	41
78793	41
79598	41
80417	41
80967	41
87449	41
90874	41
94003	41
98444	41
111636	41
118182	41
166095	41
166579	41
176948	41
195952	41
196726	41
197869	41
206937	41
227306	41
998367	41
1684620	41
1689788	41
1722775	41
1789309	41
1804038	41
5472	42
9501	42
14645	42
18638	42
24511	42
25870	42
25891	42
26344	42
30113	42
40666	42
41652	42
44278	42
44546	42
44624	42
50922	42
57512	42
60155	42
64601	42
65177	42
65497	42
68797	42
69390	42
69982	42
71050	42
72431	42
78615	42
85031	42
90096	42
96102	42
99686	42
108499	42
110147	42
112768	42
122917	42
134407	42
138272	42
140121	42
144143	42
182873	42
247093	42
402263	42
455850	42
1665627	42
1672361	42
1676514	42
1678430	42
1682755	42
1690193	42
1854863	42
1955	43
2400	43
2547	43
8895	43
9274	43
14196	43
23689	43
33135	43
33767	43
34487	43
35698	43
44426	43
47390	43
48365	43
58290	43
58753	43
60517	43
78356	43
85491	43
94101	43
96000	43
96047	43
96280	43
96779	43
97698	43
107147	43
146529	43
195200	43
197619	43
204499	43
206163	43
1666078	43
1667664	43
1669488	43
1685151	43
1690000	43
1690267	43
1693076	43
1722020	43
1742851	43
1750879	43
1795683	43
1888286	43
1898694	43
10079	44
22820	44
25667	44
25698	44
28035	44
34419	44
43125	44
50142	44
57368	44
60131	44
60593	44
60774	44
67745	44
70445	44
82317	44
85937	44
86222	44
86802	44
87996	44
89972	44
99027	44
100756	44
137701	44
139044	44
146982	44
165136	44
170222	44
173202	44
179271	44
182191	44
185964	44
201413	44
225956	44
1666243	44
1666297	44
1676973	44
1681689	44
1687403	44
1689223	44
1808947	44
1841001	44
1763	45
2211	45
7066	45
10011	45
17763	45
18696	45
21993	45
23683	45
27540	45
27754	45
31623	45
35170	45
39244	45
41868	45
53810	45
58133	45
58529	45
68945	45
70215	45
75329	45
78279	45
79037	45
82959	45
83629	45
88011	45
91622	45
97695	45
116503	45
177924	45
187385	45
203266	45
204545	45
206384	45
207705	45
218825	45
1459197	45
1680966	45
1692802	45
1763439	45
1771405	45
1787419	45
1802573	45
1868014	45
1868306	45
4990	46
5324	46
6771	46
7462	46
10230	46
11462	46
22652	46
24483	46
28240	46
29795	46
30248	46
33824	46
33968	46
35468	46
37361	46
42943	46
43590	46
50921	46
51194	46
55939	46
61730	46
63064	46
65666	46
78890	46
86285	46
88521	46
89135	46
90315	46
90411	46
94247	46
96824	46
99829	46
123077	46
123599	46
155192	46
158187	46
169226	46
176076	46
177678	46
190517	46
260312	46
1467357	46
1668218	46
1670365	46
1673035	46
1680267	46
1685638	46
1687506	46
1691879	46
1698586	46
1763183	46
1769533	46
1775205	46
1811909	46
1882665	46
1900165	46
1964	47
4231	47
8207	47
9151	47
9713	47
10083	47
10111	47
15314	47
20616	47
21148	47
21376	47
22449	47
23070	47
25160	47
28782	47
34986	47
38406	47
40689	47
43394	47
76063	47
77678	47
78091	47
92223	47
97415	47
98182	47
99003	47
150658	47
158954	47
169072	47
174005	47
186279	47
188333	47
190970	47
348588	47
469255	47
1678143	47
1679159	47
1679617	47
1682259	47
1689958	47
1690337	47
1691655	47
1692583	47
1693589	47
1693611	47
1714014	47
1733191	47
1766421	47
3493	48
6196	48
6411	48
8272	48
11612	48
13978	48
18269	48
20327	48
36578	48
38375	48
45621	48
48922	48
50214	48
52311	48
52440	48
56774	48
59048	48
61053	48
65596	48
65885	48
69084	48
69324	48
75871	48
75990	48
81039	48
85454	48
85946	48
90396	48
98869	48
114681	48
155609	48
177041	48
177812	48
183937	48
185248	48
189676	48
205279	48
209551	48
300742	48
398364	48
789929	48
1663895	48
1664931	48
1667736	48
1673502	48
1674657	48
1676489	48
1683654	48
1684621	48
1692922	48
1707785	48
1765734	48
1798267	48
1808925	48
4994	49
5079	49
15694	49
20512	49
23100	49
27319	49
28810	49
30186	49
32905	49
33218	49
40705	49
45906	49
47855	49
49943	49
50499	49
52127	49
53009	49
57588	49
59066	49
59509	49
61262	49
61961	49
62066	49
66077	49
70780	49
74087	49
77568	49
78562	49
79389	49
81620	49
83720	49
85275	49
86141	49
87020	49
88208	49
89506	49
91679	49
93607	49
94148	49
95218	49
95224	49
95828	49
96716	49
106614	49
121472	49
123173	49
153558	49
154287	49
167624	49
169856	49
180913	49
194028	49
196976	49
205780	49
206650	49
222550	49
255527	49
273284	49
372776	49
794001	49
992767	49
1664999	49
1668567	49
1670049	49
1672472	49
1675462	49
1676539	49
1685952	49
1690425	49
1693327	49
1693743	49
1709573	49
1724523	49
1751427	49
1800508	49
1842305	49
1933	50
3584	50
4296	50
6624	50
7281	50
19866	50
25132	50
27734	50
28321	50
31643	50
31892	50
32837	50
36472	50
40047	50
46141	50
49018	50
50580	50
50816	50
52339	50
54172	50
54628	50
55199	50
56824	50
57020	50
61637	50
66172	50
66702	50
72489	50
74060	50
74476	50
74483	50
79550	50
80484	50
83842	50
87675	50
91232	50
107018	50
203096	50
289686	50
296335	50
1399147	50
1458749	50
1676186	50
1684511	50
1689445	50
1747329	50
1773033	50
1844369	50
701	51
5307	51
20415	51
24560	51
25476	51
26209	51
26221	51
28395	51
28604	51
33216	51
34708	51
34801	51
41346	51
50128	51
51350	51
60349	51
71112	51
71322	51
73872	51
75922	51
84154	51
85188	51
86829	51
90489	51
91811	51
92853	51
93504	51
96413	51
96583	51
123997	51
146400	51
151212	51
152740	51
170211	51
171454	51
227325	51
301512	51
396404	51
598003	51
1664037	51
1665625	51
1672171	51
1674863	51
1681359	51
1684382	51
1702073	51
1704224	51
1739305	51
1762637	51
1845172	51
543	52
1663	52
4940	52
7944	52
11889	52
14120	52
18174	52
27170	52
29730	52
33636	52
44613	52
45510	52
46857	52
52656	52
54320	52
57333	52
58884	52
60116	52
71183	52
75975	52
80335	52
81720	52
83837	52
90078	52
90310	52
95781	52
103803	52
142807	52
154078	52
162345	52
176047	52
189044	52
190253	52
206020	52
207905	52
209354	52
1666229	52
1678382	52
1681584	52
1682014	52
1686420	52
1689850	52
1689993	52
1690812	52
1691968	52
1693103	52
1741837	52
1743644	52
9508	53
13702	53
16966	53
17126	53
22344	53
32112	53
35213	53
35271	53
35620	53
36849	53
38945	53
51113	53
53192	53
56253	53
56403	53
60974	53
61352	53
66456	53
72582	53
83562	53
94245	53
94341	53
94734	53
97024	53
105064	53
172113	53
803761	53
1665985	53
1667646	53
1674675	53
1679132	53
1680829	53
1682802	53
1683494	53
1696369	53
1736759	53
1773505	53
734	54
1175	54
3549	54
8300	54
11577	54
17739	54
19191	54
24692	54
25391	54
25828	54
26488	54
34668	54
34847	54
45626	54
48589	54
49043	54
50823	54
54365	54
55132	54
55993	54
56604	54
59211	54
61098	54
67652	54
70545	54
72067	54
76391	54
89019	54
95336	54
96042	54
99350	54
150158	54
153180	54
163279	54
164099	54
170694	54
174188	54
174721	54
191350	54
199133	54
199265	54
248512	54
268007	54
847949	54
983407	54
1666637	54
1681557	54
1683202	54
1684020	54
1689672	54
1690302	54
1692770	54
1706152	54
1716450	54
1783802	54
1839	55
3236	55
6649	55
14178	55
24522	55
28094	55
28186	55
32285	55
36571	55
36847	55
39964	55
47655	55
51653	55
53511	55
58966	55
59970	55
63845	55
65765	55
66447	55
66611	55
72257	55
73455	55
73633	55
83749	55
84715	55
86501	55
88128	55
91392	55
99463	55
109608	55
124735	55
150167	55
151350	55
173187	55
173501	55
181663	55
182027	55
184285	55
209121	55
1368721	55
1691086	55
1691463	55
1693500	55
1694225	55
1694663	55
1728933	55
1847566	55
15187	56
15934	56
17638	56
22501	56
23298	56
28259	56
37734	56
37875	56
44033	56
55219	56
58401	56
64791	56
81973	56
85984	56
88453	56
90262	56
94729	56
98561	56
110732	56
121653	56
145048	56
159159	56
172453	56
192292	56
195397	56
198909	56
294261	56
485523	56
681437	56
1678296	56
1692743	56
1757492	56
2040	57
14213	57
14805	57
19888	57
23664	57
24603	57
29697	57
31487	57
32141	57
35105	57
46631	57
53427	57
55641	57
58905	57
60594	57
63118	57
66865	57
72111	57
74749	57
75244	57
78105	57
79097	57
86061	57
90006	57
90904	57
92142	57
94236	57
95042	57
98201	57
98213	57
100297	57
120606	57
145586	57
148908	57
150331	57
151953	57
187071	57
197824	57
202098	57
205451	57
214207	57
464312	57
485229	57
1664165	57
1672067	57
1674071	57
1675413	57
1688007	57
1689208	57
1700436	57
1768116	57
1797363	57
1852689	57
2549	58
5323	58
15671	58
18207	58
34830	58
35510	58
36013	58
36318	58
54552	58
54786	58
58725	58
60436	58
65421	58
69654	58
74139	58
74842	58
79010	58
84072	58
87377	58
90098	58
92315	58
93953	58
99038	58
101928	58
107255	58
117766	58
123459	58
162363	58
204960	58
207253	58
237225	58
315727	58
1379634	58
1669771	58
1673091	58
1683587	58
1685347	58
1691925	58
1692567	58
1692596	58
1697706	58
1698660	58
1725617	58
1745219	58
1750239	58
642	59
1103	59
5125	59
5880	59
6644	59
6942	59
10820	59
11994	59
12494	59
12976	59
18310	59
21590	59
22149	59
24956	59
28531	59
29748	59
31167	59
36455	59
36604	59
36882	59
39239	59
41014	59
44870	59
47752	59
47832	59
48890	59
53334	59
57262	59
60139	59
63554	59
63587	59
66494	59
77649	59
78847	59
84499	59
87851	59
87894	59
96154	59
111134	59
124981	59
140077	59
147859	59
167255	59
193831	59
202668	59
479426	59
779373	59
1664526	59
1679049	59
1680199	59
1682108	59
1734630	59
1781816	59
1876266	59
2153	60
12420	60
13401	60
15242	60
18875	60
20538	60
22911	60
23336	60
25669	60
30807	60
31519	60
32369	60
33070	60
34330	60
36239	60
36657	60
41157	60
43672	60
44411	60
45037	60
45540	60
46664	60
47862	60
49176	60
65894	60
73129	60
76684	60
81803	60
87053	60
90948	60
92030	60
94682	60
95252	60
101358	60
116842	60
151669	60
151871	60
153086	60
197395	60
1666638	60
1689839	60
1697983	60
1776452	60
1809117	60
1872586	60
1246	61
3837	61
3874	61
5174	61
6203	61
9768	61
10036	61
19206	61
24249	61
26194	61
32309	61
44417	61
49569	61
49681	61
58471	61
59708	61
69404	61
72162	61
73662	61
78510	61
83618	61
84469	61
87363	61
90558	61
96461	61
163306	61
168566	61
168634	61
171781	61
180092	61
193863	61
395540	61
671822	61
1379910	61
1673647	61
1685423	61
1685696	61
1704122	61
1742459	61
1776584	61
6758	62
9460	62
14821	62
18113	62
24568	62
24789	62
30765	62
36972	62
38461	62
42840	62
43650	62
48264	62
50889	62
51532	62
53100	62
60979	62
61082	62
61589	62
64011	62
65264	62
66091	62
67204	62
67493	62
67647	62
71637	62
75240	62
76487	62
79548	62
80460	62
80965	62
87158	62
87977	62
92840	62
96542	62
99655	62
113204	62
118501	62
145985	62
177143	62
178887	62
180295	62
205619	62
1162898	62
1464340	62
1473086	62
1664541	62
1666471	62
1675109	62
1676040	62
1681653	62
1684722	62
1686267	62
1724696	62
1758297	62
1782974	62
1880413	62
3707	63
14792	63
16861	63
20173	63
30965	63
31582	63
33597	63
35366	63
61274	63
65247	63
85108	63
95887	63
117089	63
125313	63
141780	63
148812	63
153741	63
195615	63
250381	63
322725	63
1681474	63
1681753	63
1683430	63
1699898	63
1743711	63
1860520	63
1052	64
6266	64
7643	64
12211	64
12414	64
18197	64
21198	64
22124	64
24780	64
28105	64
29953	64
32900	64
37003	64
41557	64
42981	64
43444	64
44918	64
48115	64
54775	64
54810	64
56807	64
57278	64
64706	64
65046	64
65167	64
65263	64
71590	64
71607	64
75677	64
78650	64
80118	64
82257	64
83339	64
93145	64
96947	64
98535	64
104781	64
122848	64
153080	64
155482	64
177165	64
277211	64
1461287	64
1664495	64
1665188	64
1665460	64
1669153	64
1678018	64
1689070	64
1690957	64
1699468	64
1702642	64
1762758	64
1778392	64
2532	65
3607	65
3809	65
5028	65
6280	65
16690	65
19913	65
26223	65
31989	65
33060	65
36269	65
37197	65
45203	65
46256	65
58467	65
58675	65
61013	65
67068	65
69808	65
73302	65
75188	65
78598	65
79233	65
81829	65
83586	65
86405	65
95532	65
98779	65
98880	65
111417	65
125353	65
140055	65
145636	65
168567	65
189600	65
1668888	65
1669623	65
1670580	65
1672950	65
1682937	65
1707096	65
837	66
4361	66
7247	66
21640	66
22987	66
28928	66
33772	66
35364	66
36691	66
37540	66
50390	66
53974	66
54671	66
58494	66
69291	66
74814	66
84650	66
87169	66
92935	66
96275	66
98312	66
98334	66
102732	66
119009	66
119012	66
151289	66
155336	66
178103	66
603405	66
1259730	66
1481960	66
1678985	66
1685133	66
1689571	66
1689879	66
1715690	66
1747414	66
1802476	66
1906031	66
3898	67
5095	67
5415	67
6413	67
24408	67
24657	67
26248	67
27956	67
29560	67
37269	67
37763	67
42068	67
47287	67
49941	67
52354	67
60577	67
64719	67
70158	67
76464	67
79427	67
84409	67
88454	67
95836	67
106719	67
117866	67
127374	67
147066	67
172322	67
199438	67
199941	67
220041	67
298312	67
779046	67
992538	67
999290	67
1672284	67
1676434	67
1677409	67
1683292	67
1685032	67
1686469	67
1687761	67
1687907	67
1691700	67
1700005	67
1743502	67
1786287	67
1844710	67
1854563	67
1860982	67
1873321	67
420	68
10687	68
16879	68
16933	68
21945	68
35799	68
38283	68
39871	68
47089	68
50055	68
51096	68
54711	68
60797	68
62715	68
66472	68
70596	68
74710	68
79413	68
80686	68
82669	68
83050	68
85409	68
88343	68
90011	68
91426	68
92421	68
96463	68
114975	68
150796	68
157412	68
178236	68
196005	68
202462	68
207194	68
256707	68
381144	68
1486336	68
1673826	68
1679245	68
1687026	68
1797212	68
1855752	68
1878862	68
73	69
4862	69
11912	69
12480	69
23858	69
28772	69
34070	69
49424	69
54254	69
56825	69
59709	69
60177	69
61572	69
63252	69
63737	69
64905	69
75780	69
80159	69
80372	69
80508	69
90724	69
95791	69
164902	69
180887	69
182458	69
187783	69
200441	69
211957	69
361724	69
774745	69
1061148	69
1677315	69
1693717	69
1770012	69
1780898	69
395	70
448	70
2022	70
8750	70
15927	70
16162	70
24001	70
24895	70
28617	70
37507	70
45297	70
50266	70
58593	70
61369	70
61747	70
67010	70
69461	70
74594	70
75645	70
76244	70
83580	70
84493	70
87538	70
88615	70
91006	70
93776	70
96476	70
116145	70
125677	70
148339	70
154202	70
171063	70
178931	70
182270	70
186141	70
192474	70
220482	70
285627	70
1666882	70
1689288	70
1692526	70
1717635	70
1754654	70
1760680	70
1784423	70
1848233	70
1880210	70
2552	71
8008	71
18841	71
18842	71
21258	71
22081	71
24183	71
25668	71
26287	71
28571	71
28805	71
29445	71
34983	71
37338	71
41256	71
45448	71
46290	71
48361	71
52632	71
57828	71
58482	71
61761	71
67083	71
71193	71
73188	71
74693	71
79193	71
81925	71
84474	71
90419	71
91012	71
95674	71
120404	71
124992	71
138169	71
142747	71
152803	71
153401	71
155685	71
180835	71
189185	71
195281	71
204282	71
295134	71
1267700	71
1664327	71
1674687	71
1682584	71
1683055	71
1683465	71
1684430	71
1687085	71
1689804	71
1692422	71
1803861	71
1890033	71
6042	72
11255	72
11543	72
15901	72
15993	72
22622	72
26685	72
26919	72
27087	72
28372	72
30109	72
33280	72
35262	72
39323	72
43469	72
43793	72
48601	72
55135	72
61783	72
62199	72
64089	72
70555	72
84305	72
98864	72
99029	72
102374	72
117921	72
141899	72
145981	72
154463	72
193186	72
203585	72
330427	72
1363212	72
1668410	72
1674415	72
1676431	72
1678153	72
1684195	72
1685218	72
1685999	72
1690061	72
1699134	72
1699917	72
1718107	72
1783828	72
1793162	72
1840865	72
1873613	72
1978	73
5798	73
7681	73
10150	73
13828	73
14112	73
19421	73
25974	73
28195	73
34038	73
34576	73
51543	73
55346	73
56491	73
60055	73
61627	73
68149	73
68252	73
69123	73
71990	73
74884	73
80546	73
83678	73
93171	73
96681	73
97156	73
97194	73
98745	73
101625	73
144911	73
153595	73
160888	73
171332	73
202392	73
208954	73
1667709	73
1669990	73
1682028	73
1691393	73
1691632	73
1735092	73
1742117	73
1756114	73
1798202	73
1876835	73
1883405	73
1873	74
4311	74
5548	74
14542	74
17898	74
33630	74
34962	74
41551	74
52496	74
53118	74
54457	74
55877	74
57646	74
60277	74
62786	74
67425	74
72468	74
74214	74
76850	74
77351	74
77560	74
77906	74
78344	74
84179	74
94379	74
94658	74
96464	74
100159	74
146586	74
154325	74
159161	74
161546	74
164700	74
166514	74
168042	74
197473	74
794987	74
1275170	74
1464151	74
1466056	74
1663919	74
1665156	74
1668311	74
1682857	74
1693621	74
1704891	74
1733874	74
1737567	74
1745661	74
1755310	74
1759720	74
1776591	74
1782033	74
1791858	74
1899179	74
2949	75
3128	75
9600	75
10878	75
14251	75
15824	75
16819	75
30920	75
34954	75
35509	75
36863	75
37947	75
49555	75
49633	75
49900	75
49966	75
55378	75
57260	75
66589	75
72393	75
73996	75
75044	75
82869	75
83413	75
83785	75
84232	75
86482	75
93774	75
94027	75
94867	75
146322	75
184570	75
187639	75
204485	75
209186	75
209348	75
223078	75
1679140	75
1681962	75
1690416	75
1693090	75
1693266	75
1698388	75
1709838	75
1720283	75
1750743	75
1767964	75
1811106	75
1811330	75
1854455	75
1064	76
2503	76
3486	76
3718	76
8130	76
11594	76
13897	76
14822	76
16620	76
20184	76
23454	76
25649	76
25906	76
26556	76
30764	76
31781	76
31861	76
46020	76
47011	76
53635	76
54305	76
58270	76
58850	76
61170	76
68520	76
76915	76
81666	76
85787	76
87938	76
89177	76
89730	76
98657	76
102444	76
191131	76
192198	76
196766	76
253263	76
994434	76
1483495	76
1675024	76
1680878	76
1691900	76
1694714	76
1749385	76
1768867	76
1895211	76
7662	77
12727	77
19732	77
21730	77
25778	77
28213	77
29799	77
30936	77
33025	77
33081	77
33462	77
35749	77
48362	77
55556	77
59833	77
60107	77
62155	77
62426	77
68268	77
69405	77
71892	77
75034	77
77520	77
88060	77
88680	77
91117	77
95016	77
95669	77
120942	77
125878	77
149726	77
154114	77
180516	77
1672764	77
1676314	77
1677793	77
1686723	77
1690560	77
1692177	77
1742248	77
1776073	77
1854035	77
875	78
3439	78
7755	78
10613	78
15860	78
17659	78
18238	78
29754	78
31186	78
35776	78
36437	78
36570	78
38099	78
41477	78
41487	78
50322	78
51039	78
51249	78
51468	78
59527	78
66348	78
71710	78
75966	78
77121	78
82141	78
82373	78
83033	78
83328	78
87472	78
87990	78
103750	78
115249	78
116676	78
145014	78
152223	78
162642	78
176651	78
179423	78
183816	78
184022	78
184786	78
255626	78
344559	78
586962	78
1287600	78
1670448	78
1670893	78
1682358	78
1689538	78
1691431	78
1695850	78
1703528	78
1741392	78
1848541	78
9257	79
11865	79
15136	79
16652	79
16884	79
20600	79
22550	79
28449	79
31479	79
38797	79
42522	79
42626	79
45007	79
52005	79
53729	79
56676	79
74534	79
76807	79
79415	79
80068	79
85391	79
89706	79
90183	79
94271	79
105381	79
138238	79
149755	79
154655	79
160927	79
187581	79
203443	79
207672	79
265271	79
408269	79
1675623	79
1678379	79
1694923	79
1770388	79
1783445	79
1796285	79
1886841	79
85	80
1361	80
1508	80
13432	80
15807	80
16174	80
16253	80
19627	80
22566	80
28164	80
36403	80
37146	80
37272	80
42046	80
43331	80
43563	80
46574	80
47767	80
51648	80
52215	80
53188	80
58267	80
73410	80
87656	80
88794	80
89376	80
92020	80
92660	80
95320	80
96941	80
111527	80
149526	80
160040	80
196458	80
277427	80
411664	80
592607	80
1670322	80
1671281	80
1675094	80
1675374	80
1684383	80
1684791	80
1689285	80
1692480	80
1692901	80
1698061	80
1762018	80
1791021	80
1795413	80
1842108	80
1852811	80
1422	81
17676	81
21371	81
25529	81
34548	81
38254	81
39466	81
39768	81
42611	81
44542	81
45684	81
46682	81
48255	81
49796	81
56854	81
64516	81
64678	81
65350	81
67965	81
71464	81
77517	81
81196	81
82894	81
84370	81
86886	81
90706	81
91955	81
111944	81
115396	81
121754	81
153104	81
156242	81
186834	81
215159	81
231516	81
271151	81
1029805	81
1334792	81
1674877	81
1676001	81
1676469	81
1677691	81
1677906	81
1683630	81
1692439	81
1732960	81
1791223	81
5371	82
7693	82
9454	82
11402	82
11645	82
12260	82
14163	82
18359	82
24080	82
28084	82
30956	82
33621	82
36820	82
50263	82
51889	82
52422	82
54871	82
55776	82
62634	82
68407	82
75785	82
76628	82
78749	82
84915	82
88466	82
93389	82
99187	82
145488	82
158984	82
168938	82
174776	82
179809	82
196333	82
196522	82
205066	82
206606	82
212955	82
225820	82
298999	82
408341	82
1366395	82
1669127	82
1674747	82
1686686	82
1694252	82
1696343	82
1696787	82
1736389	82
1757431	82
1770218	82
1810501	82
14451	83
19586	83
20587	83
21486	83
24407	83
26426	83
27953	83
32948	83
33515	83
54759	83
55447	83
56127	83
61128	83
68140	83
71186	83
72926	83
78708	83
83217	83
83569	83
83906	83
86170	83
94542	83
95857	83
97552	83
97915	83
98596	83
103964	83
118777	83
149942	83
171110	83
182656	83
210690	83
469130	83
1476673	83
1667379	83
1679948	83
1680596	83
1681734	83
1681967	83
1689023	83
1693532	83
1693918	83
1694534	83
1796030	83
6387	84
12510	84
12791	84
13621	84
18465	84
20857	84
27563	84
27733	84
33184	84
33892	84
43281	84
45983	84
51166	84
52290	84
52668	84
55985	84
60360	84
60433	84
62095	84
65775	84
73835	84
75984	84
76852	84
77257	84
80175	84
85302	84
91683	84
92658	84
93763	84
96854	84
122556	84
148303	84
152687	84
201457	84
205689	84
214449	84
236578	84
252239	84
348928	84
796559	84
993781	84
1664272	84
1667948	84
1669804	84
1670014	84
1678218	84
1683604	84
1688066	84
1692214	84
1698823	84
1705593	84
1708731	84
1783768	84
6186	85
6456	85
8062	85
10294	85
11116	85
13458	85
19614	85
27937	85
28741	85
31573	85
32607	85
37904	85
38052	85
40505	85
44096	85
45410	85
50666	85
53198	85
53937	85
58090	85
58122	85
67134	85
74751	85
78873	85
80920	85
92386	85
92969	85
97295	85
98319	85
122978	85
124084	85
145995	85
154649	85
171168	85
179184	85
179870	85
221996	85
231639	85
273125	85
353527	85
1687899	85
1688314	85
1689832	85
1693848	85
1727262	85
1748387	85
1764893	85
1796146	85
1854244	85
1056	86
2670	86
4768	86
6248	86
8966	86
17933	86
18581	86
29956	86
31010	86
36690	86
37670	86
38926	86
39807	86
40219	86
48831	86
50095	86
50296	86
53071	86
53236	86
54374	86
54803	86
58227	86
59533	86
61771	86
64972	86
68796	86
70953	86
75024	86
80846	86
82604	86
86724	86
87111	86
88101	86
93417	86
93814	86
94685	86
96175	86
98279	86
117309	86
121809	86
194589	86
201799	86
1350311	86
1669769	86
1685476	86
1690078	86
1693166	86
1725444	86
1725871	86
1752736	86
1905611	86
10317	87
10610	87
21320	87
23977	87
29175	87
37063	87
41508	87
56579	87
60922	87
65341	87
70696	87
79876	87
80191	87
81550	87
86419	87
86757	87
87679	87
89103	87
93493	87
148613	87
153136	87
176081	87
180399	87
191300	87
205550	87
206109	87
225079	87
227241	87
1665424	87
1666777	87
1681700	87
1709324	87
1718876	87
1738046	87
1766806	87
1776925	87
1802717	87
1808581	87
1875	88
3440	88
6321	88
12469	88
17274	88
25518	88
27446	88
28111	88
28411	88
29091	88
31005	88
32024	88
35331	88
38154	88
44257	88
47033	88
55182	88
61963	88
62183	88
65182	88
66356	88
67212	88
69270	88
69941	88
73609	88
74411	88
75482	88
84687	88
85563	88
86121	88
87867	88
91210	88
95810	88
102076	88
107480	88
150135	88
154087	88
185619	88
202810	88
266595	88
301425	88
392086	88
1481037	88
1671785	88
1677416	88
1677845	88
1679034	88
1681037	88
1683356	88
1686525	88
1690072	88
1693073	88
1693358	88
1697735	88
1744967	88
1789999	88
1907284	88
864	89
8110	89
11169	89
11660	89
22921	89
24556	89
30437	89
33178	89
42894	89
43119	89
50268	89
55552	89
57980	89
58708	89
60161	89
73293	89
85850	89
92137	89
93470	89
97677	89
108166	89
110734	89
148277	89
167550	89
176514	89
194429	89
194506	89
196227	89
300056	89
1468754	89
1671371	89
1674779	89
1677334	89
1693486	89
1694562	89
1702459	89
1751780	89
267	90
613	90
3377	90
7227	90
8235	90
16938	90
19953	90
20666	90
29442	90
39595	90
41764	90
51026	90
59319	90
59331	90
66329	90
66683	90
70746	90
71237	90
75713	90
76052	90
77672	90
84694	90
87664	90
97222	90
97372	90
98696	90
112838	90
117885	90
174387	90
201628	90
209860	90
219425	90
270005	90
292093	90
439302	90
994263	90
1663862	90
1669235	90
1673702	90
1675546	90
1686829	90
1691031	90
1703902	90
1757392	90
1776992	90
1779348	90
8887	91
9235	91
12855	91
15439	91
17111	91
17360	91
17648	91
18368	91
20039	91
22290	91
22512	91
26900	91
28095	91
34866	91
35623	91
45092	91
47362	91
47718	91
50619	91
53052	91
57405	91
61270	91
62544	91
63150	91
66921	91
69095	91
71863	91
73217	91
76249	91
81573	91
82684	91
84953	91
90701	91
92174	91
94197	91
94278	91
95001	91
95054	91
95328	91
97314	91
98013	91
123958	91
124975	91
166914	91
170933	91
186527	91
198057	91
198448	91
207813	91
225784	91
345703	91
1671743	91
1671812	91
1673547	91
1678988	91
1682315	91
1683983	91
1686058	91
1686534	91
1689736	91
1689837	91
1696424	91
1763166	91
1775068	91
1810261	91
1846839	91
1909	92
6249	92
10136	92
12782	92
17645	92
18610	92
23201	92
36321	92
43184	92
43207	92
43254	92
44882	92
52567	92
53119	92
58622	92
60154	92
60341	92
69386	92
74174	92
77557	92
82656	92
86250	92
88250	92
92368	92
94185	92
95790	92
96656	92
97443	92
114430	92
117037	92
119732	92
145384	92
148468	92
165593	92
171368	92
175483	92
228007	92
265193	92
1123946	92
1663874	92
1670610	92
1671324	92
1672920	92
1681915	92
1683294	92
1690102	92
1691793	92
1694761	92
1695128	92
1697588	92
1725981	92
1730503	92
149	93
231	93
271	93
1016	93
2115	93
4442	93
5514	93
7054	93
7637	93
15141	93
15309	93
15819	93
17281	93
32672	93
40074	93
49996	93
50976	93
51898	93
56566	93
59105	93
73348	93
73970	93
82976	93
90334	93
92097	93
92823	93
100685	93
100749	93
100835	93
169777	93
177976	93
181683	93
199936	93
218869	93
239491	93
273059	93
384044	93
1045362	93
1073866	93
1313820	93
1663954	93
1664180	93
1669689	93
1671066	93
1675820	93
1677396	93
1688017	93
1688236	93
1748258	93
1776675	93
1799955	93
13463	94
