6140	6
8334	6
11511	6
15979	6
23476	6
27930	6
46447	6
48787	6
61062	6
63537	6
79856	6
80270	6
81334	6
126707	6
259620	6
990686	6
1526257	6
1540201	6
1540961	6
1544733	6
1560343	6
2064	7
13325	7
18528	7
36662	7
37845	7
53242	7
62742	7
92111	7
183421	7
1225522	7
1524552	7
1528472	7
1529628	7
1530030	7
1532857	7
1536775	7
1543100	7
1544437	7
1549999	7
1568567	7
1614373	7
1627981	7
1769837	7
2870	8
3155	8
9862	8
13893	8
15802	8
16640	8
26810	8
32837	8
35434	8
41698	8
41797	8
45130	8
67131	8
69947	8
74081	8
81910	8
86418	8
89910	8
136417	8
250177	8
332027	8
1176492	8
1528946	8
1536926	8
1537954	8
1548531	8
1556535	8
1562365	8
1607519	8
1614113	8
1658247	8
3094	9
10436	9
11469	9
12136	9
14116	9
15363	9
17827	9
21250	9
27839	9
27998	9
32622	9
35356	9
40069	9
40491	9
47405	9
49516	9
49887	9
60368	9
61094	9
65750	9
70479	9
72579	9
83691	9
94842	9
112105	9
112750	9
127009	9
153787	9
155886	9
181031	9
194843	9
195937	9
1524963	9
1525249	9
1526854	9
1527512	9
1532340	9
1533033	9
1542409	9
1545141	9
1547003	9
1547904	9
1548546	9
1556472	9
1556959	9
1558548	9
1567484	9
1588264	9
1593737	9
1610677	9
1625595	9
5481	10
8003	10
14077	10
21555	10
21816	10
30626	10
37441	10
41959	10
44524	10
45418	10
47706	10
52870	10
67853	10
70005	10
71822	10
75478	10
84714	10
86538	10
111775	10
129730	10
144307	10
153563	10
176178	10
1525997	10
1542923	10
1544813	10
1550518	10
1552016	10
1559861	10
1566042	10
1570486	10
1709892	10
1718718	10
12251	11
13882	11
28480	11
30750	11
32161	11
33291	11
34568	11
36372	11
41743	11
45778	11
52115	11
52375	11
52798	11
54206	11
55511	11
59064	11
60365	11
71204	11
74721	11
81706	11
85239	11
139111	11
145109	11
177791	11
183776	11
221115	11
308953	11
1529543	11
1534684	11
1534922	11
1543792	11
545	12
2368	12
3434	12
4692	12
5449	12
5723	12
5869	12
8211	12
8331	12
8822	12
9477	12
11739	12
11995	12
13118	12
15198	12
15808	12
16293	12
16780	12
17051	12
18419	12
19299	12
21300	12
26178	12
27390	12
27933	12
30436	12
31705	12
32289	12
32431	12
32841	12
34789	12
37761	12
42294	12
47963	12
52771	12
53441	12
54323	12
55155	12
58030	12
59831	12
60457	12
60590	12
63082	12
63551	12
64288	12
65328	12
68546	12
69731	12
70865	12
72734	12
73496	12
74891	12
78477	12
78563	12
80887	12
84003	12
86633	12
95064	12
99700	12
99771	12
102534	12
104128	12
109238	12
123028	12
127375	12
133418	12
143152	12
162719	12
164827	12
241540	12
257114	12
263319	12
762363	12
1046595	12
1523448	12
1526301	12
1526923	12
1528205	12
1529018	12
1529358	12
1530606	12
1530973	12
1531014	12
1532003	12
1533718	12
1534589	12
1537617	12
1537668	12
1539661	12
1540912	12
1542164	12
1543997	12
1545939	12
1547883	12
1548077	12
1548869	12
1554023	12
1555301	12
1556286	12
1557406	12
1558825	12
1562037	12
1581010	12
1582236	12
1589755	12
1593493	12
1620630	12
1624917	12
1638104	12
1640419	12
1643240	12
1645287	12
1664577	12
1668636	12
1676821	12
1304	13
4508	13
7789	13
8431	13
11193	13
13970	13
14580	13
17835	13
18377	13
19277	13
21576	13
22561	13
27954	13
29418	13
31643	13
32684	13
33633	13
34142	13
36395	13
37945	13
40244	13
40736	13
41994	13
42080	13
44925	13
45065	13
48253	13
48325	13
51058	13
59601	13
60004	13
61690	13
66614	13
69386	13
73212	13
73841	13
75966	13
79480	13
79541	13
80278	13
81340	13
82795	13
86122	13
86808	13
89728	13
96382	13
106537	13
132194	13
139342	13
141195	13
143169	13
158374	13
159528	13
159949	13
162020	13
197259	13
344552	13
424982	13
1525476	13
1525917	13
1526994	13
1528601	13
1528970	13
1532043	13
1534648	13
1535013	13
1535436	13
1535723	13
1535782	13
1536623	13
1538118	13
1540017	13
1540428	13
1544778	13
1545929	13
1547049	13
1548102	13
1548364	13
1552848	13
1554048	13
1554175	13
1554464	13
1557811	13
1558530	13
1560083	13
1566405	13
1568889	13
1577963	13
1586526	13
1590874	13
1625969	13
1650208	13
1658305	13
1661765	13
1713359	13
1719450	13
1722759	13
1733892	13
1759531	13
5505	14
7478	14
8164	14
14644	14
18629	14
21004	14
23286	14
27920	14
35866	14
46461	14
53737	14
59587	14
68497	14
74182	14
74378	14
89208	14
100245	14
133953	14
165186	14
199605	14
1531038	14
1532189	14
1546248	14
1547950	14
1549747	14
1552953	14
1556745	14
1557153	14
1565422	14
1577197	14
1579910	14
1600279	14
1623037	14
1663399	14
1675977	14
1716805	14
2366	15
3466	15
4201	15
4499	15
7947	15
10953	15
11230	15
17825	15
18492	15
18711	15
24314	15
28301	15
33431	15
40485	15
40991	15
41265	15
42305	15
44210	15
49750	15
56347	15
56703	15
60580	15
69163	15
75714	15
75853	15
80217	15
82356	15
86991	15
89277	15
89542	15
104681	15
105235	15
134432	15
155036	15
169886	15
190566	15
1523710	15
1527054	15
1527224	15
1542479	15
1546784	15
1564002	15
1576742	15
1603352	15
1615553	15
1659820	15
1670133	15
1748441	15
1763587	15
4236	16
6757	16
8481	16
13652	16
18683	16
41342	16
46569	16
47093	16
47547	16
48709	16
53486	16
66443	16
69965	16
81543	16
85093	16
85897	16
102957	16
110439	16
134324	16
142318	16
1526008	16
1526310	16
1534670	16
1538418	16
1546732	16
1553082	16
1553615	16
1556147	16
1584846	16
1638931	16
1739315	16
9041	17
12713	17
18763	17
22167	17
31682	17
35108	17
38274	17
42227	17
46623	17
47345	17
49187	17
49881	17
51136	17
51921	17
55513	17
67634	17
69962	17
74056	17
76189	17
76396	17
77143	17
83188	17
84227	17
94405	17
104260	17
110868	17
127744	17
289186	17
658075	17
1525897	17
1529296	17
1549656	17
1553210	17
1559125	17
1585768	17
1632330	17
6218	18
10216	18
10639	18
14720	18
18941	18
19599	18
29638	18
36675	18
36704	18
36818	18
67183	18
72883	18
73532	18
74630	18
85190	18
85631	18
111805	18
128902	18
192003	18
382252	18
1528055	18
1528902	18
1530598	18
1539469	18
1543731	18
1554714	18
1555083	18
1560224	18
1576021	18
1598439	18
1648703	18
1655023	18
1677645	18
1707399	18
19158	19
31741	19
40354	19
41051	19
75426	19
77383	19
77536	19
124880	19
154873	19
181107	19
183953	19
1555898	19
1556059	19
1557232	19
1559639	19
1724488	19
1757263	19
7409	20
7431	20
7998	20
12228	20
12562	20
16571	20
20383	20
26571	20
32494	20
69852	20
73038	20
80164	20
82379	20
82924	20
86223	20
106747	20
148755	20
174131	20
893715	20
1527805	20
1554182	20
1572384	20
1583681	20
1591214	20
1593619	20
1676008	20
1711332	20
10729	21
13684	21
14985	21
24550	21
30944	21
31173	21
31193	21
36564	21
40815	21
46957	21
48688	21
55299	21
55730	21
68249	21
68776	21
69643	21
84780	21
84856	21
86110	21
136673	21
148046	21
148085	21
547186	21
1523936	21
1524829	21
1526388	21
1532785	21
1537873	21
1556334	21
1558734	21
1598597	21
1647578	21
1746069	21
1761241	21
5748	22
5863	22
13386	22
18778	22
19941	22
21757	22
23432	22
23441	22
24512	22
35838	22
36406	22
36407	22
37249	22
43169	22
66524	22
69231	22
87302	22
88986	22
93184	22
197889	22
202855	22
299411	22
1524866	22
1527881	22
1531772	22
1533318	22
1534766	22
1535588	22
1543756	22
1545514	22
1553061	22
1554149	22
1562284	22
1717974	22
1738432	22
1474	23
5015	23
6273	23
7742	23
17242	23
25106	23
26934	23
27115	23
30144	23
31490	23
38388	23
40059	23
40330	23
42306	23
43491	23
51716	23
54861	23
65753	23
66209	23
68074	23
68951	23
71133	23
81180	23
81459	23
84058	23
85760	23
87062	23
144180	23
146194	23
158002	23
165258	23
165794	23
171849	23
268529	23
763374	23
1524591	23
1533280	23
1533372	23
1540750	23
1544191	23
1548970	23
1553365	23
1561781	23
1568839	23
1577535	23
1587419	23
1632658	23
1663524	23
1676005	23
1734615	23
1759071	23
8834	24
11780	24
12526	24
16861	24
17766	24
24107	24
25546	24
26791	24
27978	24
29373	24
31521	24
39936	24
50767	24
51031	24
53678	24
65465	24
71429	24
72150	24
75253	24
82313	24
125431	24
144070	24
145061	24
167161	24
420331	24
736017	24
1526163	24
1530132	24
1533060	24
1533564	24
1535730	24
1538822	24
1542055	24
1542725	24
1545019	24
1545024	24
1546757	24
1550751	24
1555085	24
1555539	24
1558029	24
1607919	24
1608147	24
1620777	24
1672992	24
4622	25
4907	25
8209	25
23063	25
23073	25
30813	25
33931	25
43852	25
49328	25
61363	25
65709	25
86097	25
185591	25
196145	25
216106	25
1530371	25
1532142	25
1557088	25
1562147	25
1582648	25
1586609	25
1600033	25
1706547	25
2272	26
14050	26
19635	26
20071	26
23105	26
30924	26
34443	26
37680	26
51285	26
55531	26
69162	26
71254	26
76500	26
77167	26
78813	26
85123	26
91735	26
95814	26
97741	26
106283	26
111966	26
129388	26
150350	26
151982	26
160452	26
166436	26
179491	26
313231	26
1524867	26
1527117	26
1530860	26
1532691	26
1536355	26
1543632	26
1552543	26
1555500	26
1556867	26
1562079	26
1564265	26
1626061	26
1642461	26
1648240	26
1648310	26
1657766	26
18842	27
21906	27
22522	27
23382	27
25877	27
32808	27
33544	27
41551	27
48123	27
48515	27
50861	27
71071	27
83672	27
138647	27
159396	27
190819	27
194733	27
919651	27
1532195	27
1539901	27
1548914	27
1553410	27
1559828	27
1571725	27
2705	28
4307	28
6439	28
7519	28
7692	28
9946	28
15426	28
22025	28
24851	28
26125	28
34460	28
51398	28
52310	28
63338	28
66491	28
68204	28
71700	28
77018	28
77176	28
79546	28
93751	28
142138	28
1350662	28
1524986	28
1525164	28
1533422	28
1539321	28
1542774	28
1579070	28
1583528	28
1584789	28
1644231	28
1652513	28
1654773	28
1714373	28
404	29
3046	29
7733	29
12185	29
13060	29
15220	29
16809	29
20777	29
20904	29
23394	29
24907	29
25880	29
28252	29
28473	29
33489	29
36645	29
40094	29
40813	29
42677	29
43312	29
44953	29
48685	29
53457	29
56473	29
58076	29
58136	29
61070	29
63957	29
65734	29
70114	29
70643	29
72525	29
72603	29
75583	29
78824	29
79030	29
79461	29
79510	29
80560	29
90728	29
142235	29
142860	29
162189	29
164995	29
165299	29
165833	29
183424	29
189258	29
616933	29
1525656	29
1527996	29
1530605	29
1532630	29
1533219	29
1533686	29
1540094	29
1543004	29
1543375	29
1550185	29
1550982	29
1551123	29
1552244	29
1559267	29
1560175	29
1569453	29
1608104	29
1608285	29
1608432	29
1660300	29
1663424	29
1677739	29
393	30
8540	30
9758	30
13490	30
13916	30
15622	30
19208	30
20079	30
26317	30
42439	30
44729	30
56724	30
60576	30
70823	30
71349	30
76227	30
80752	30
87839	30
91011	30
110618	30
138889	30
968802	30
1523701	30
1533208	30
1533773	30
1543568	30
1546730	30
1550803	30
1556596	30
1560336	30
1576297	30
1613446	30
1631943	30
1632613	30
1645610	30
7694	31
10972	31
15627	31
15823	31
16375	31
22749	31
29991	31
30554	31
39339	31
43173	31
46352	31
56574	31
57859	31
71273	31
74680	31
75029	31
77270	31
77683	31
80865	31
81645	31
82536	31
84802	31
116774	31
131719	31
142959	31
145066	31
161699	31
166212	31
177481	31
177730	31
225815	31
1524184	31
1527691	31
1543030	31
1548019	31
1549231	31
1552056	31
1552408	31
1554098	31
1558223	31
1676131	31
1704768	31
3868	32
31262	32
32885	32
39998	32
59234	32
62292	32
69227	32
72544	32
73462	32
82033	32
87479	32
170568	32
1189087	32
1539354	32
1547705	32
1554699	32
1706523	32
1716346	32
1718990	32
6257	33
10965	33
14930	33
20562	33
25300	33
31866	33
41832	33
45048	33
45328	33
47895	33
55629	33
57354	33
79222	33
105746	33
132598	33
1532890	33
1549068	33
1550750	33
1570940	33
1624308	33
1987	34
3546	34
8302	34
10384	34
10844	34
11129	34
27974	34
28688	34
42496	34
49754	34
53215	34
53644	34
77394	34
77541	34
79831	34
94653	34
101845	34
144431	34
175563	34
195430	34
209327	34
1351914	34
1358463	34
1526526	34
1545681	34
1549955	34
1557893	34
2953	35
8103	35
11244	35
19051	35
28332	35
34445	35
37285	35
50890	35
51067	35
82917	35
97359	35
132826	35
169678	35
399086	35
907547	35
916195	35
1526487	35
1529445	35
1530058	35
1545918	35
1546637	35
1555012	35
1556378	35
1559402	35
1607493	35
1640490	35
1653856	35
1658292	35
1709682	35
2928	36
12343	36
13887	36
16037	36
18673	36
19074	36
19503	36
20502	36
23566	36
32170	36
32759	36
34131	36
40213	36
41224	36
46866	36
50528	36
52270	36
53309	36
69473	36
71169	36
72504	36
72951	36
74134	36
74263	36
76590	36
80312	36
81947	36
83750	36
110035	36
130803	36
147569	36
369743	36
910089	36
1523784	36
1526376	36
1528241	36
1537013	36
1538614	36
1549664	36
1575130	36
1655659	36
1741405	36
3397	37
7172	37
15936	37
16700	37
17791	37
21270	37
21913	37
24448	37
70247	37
70781	37
132143	37
176841	37
1529502	37
1534910	37
1555454	37
1563286	37
1644538	37
7542	38
9874	38
14304	38
17030	38
17509	38
23754	38
25907	38
33050	38
42953	38
62604	38
64338	38
66319	38
73536	38
74176	38
79993	38
82459	38
111436	38
145554	38
165393	38
171651	38
1528613	38
1530915	38
1534682	38
1536644	38
1558112	38
1583923	38
1642422	38
1676302	38
1706367	38
3947	39
4232	39
5546	39
6685	39
8920	39
12778	39
13758	39
19690	39
21456	39
25093	39
30755	39
43607	39
45863	39
48480	39
60832	39
66241	39
77449	39
89297	39
135625	39
175042	39
197380	39
199722	39
1525622	39
1527231	39
1535561	39
1537377	39
1549421	39
1713116	39
3469	40
18848	40
20735	40
21967	40
24357	40
31854	40
35242	40
36879	40
43990	40
44128	40
47223	40
49115	40
80742	40
81104	40
82918	40
85340	40
109375	40
147397	40
147982	40
160439	40
172420	40
172991	40
181640	40
298166	40
1528318	40
1575297	40
1631411	40
1768131	40
239	41
4854	41
8978	41
9544	41
15420	41
15925	41
16333	41
22697	41
31797	41
33782	41
39708	41
43813	41
44259	41
54438	41
60336	41
61769	41
69687	41
72479	41
76361	41
82886	41
90962	41
92249	41
99152	41
102158	41
1274749	41
1536040	41
1537000	41
1544230	41
1583263	41
1658079	41
1678482	41
13442	42
13610	42
13960	42
14427	42
18561	42
31942	42
33244	42
35552	42
47231	42
51124	42
53771	42
57924	42
61366	42
61424	42
61433	42
74331	42
118796	42
135138	42
135754	42
219815	42
390151	42
1524477	42
1532647	42
1544957	42
1557531	42
1558332	42
1636683	42
9438	43
10061	43
24340	43
30732	43
32565	43
33321	43
34492	43
37214	43
55802	43
63759	43
63846	43
85208	43
95114	43
99836	43
101562	43
128007	43
132544	43
184683	43
229337	43
1528271	43
1542491	43
1542546	43
1555394	43
1558066	43
1559911	43
1584315	43
1609884	43
1633479	43
1761473	43
8007	44
11911	44
19609	44
20312	44
20821	44
21189	44
34677	44
44844	44
81453	44
88120	44
121841	44
138241	44
141802	44
176985	44
1523621	44
1529223	44
1531457	44
1548838	44
1553180	44
1558263	44
1644227	44
1674951	44
3997	45
7562	45
7980	45
13592	45
17320	45
18857	45
31124	45
33650	45
37836	45
38498	45
50596	45
53787	45
55007	45
58997	45
61646	45
69482	45
73655	45
75561	45
77543	45
80783	45
82171	45
83717	45
84712	45
98435	45
100022	45
101164	45
108495	45
118434	45
159283	45
177584	45
195475	45
557730	45
1530179	45
1535497	45
1549759	45
1553398	45
1561187	45
1564364	45
1595732	45
1630989	45
1637380	45
1670163	45
1732476	45
1733203	45
1758859	45
116	46
1881	46
2227	46
6375	46
11109	46
13969	46
14201	46
18351	46
23415	46
32022	46
32186	46
33023	46
44757	46
55071	46
59939	46
62223	46
67340	46
68316	46
69435	46
72017	46
80648	46
84908	46
88981	46
97189	46
100590	46
108279	46
160772	46
176341	46
1340885	46
1525133	46
1527421	46
1529170	46
1529353	46
1534098	46
1540695	46
1543672	46
1549365	46
1552257	46
1566723	46
1583179	46
1637819	46
1637894	46
1641529	46
1642325	46
1675426	46
1678769	46
1705798	46
6709	47
9717	47
17966	47
29157	47
29925	47
30388	47
33832	47
39851	47
53539	47
58357	47
70990	47
72714	47
75064	47
75467	47
76140	47
76848	47
77711	47
79261	47
79877	47
83153	47
83211	47
83970	47
84301	47
84995	47
86062	47
105097	47
111591	47
165266	47
165808	47
178421	47
180699	47
436698	47
1527468	47
1532349	47
1532801	47
1533895	47
1541946	47
1542758	47
1552564	47
1553140	47
1553712	47
1554302	47
1554326	47
1557186	47
1580592	47
1582092	47
1664813	47
5294	48
10137	48
11591	48
14176	48
15183	48
20857	48
24470	48
29669	48
35816	48
41218	48
48087	48
55804	48
65206	48
66903	48
66988	48
69422	48
81592	48
82355	48
87034	48
99079	48
132089	48
149302	48
176606	48
183890	48
611635	48
1548176	48
1550325	48
1553529	48
1556720	48
1559654	48
1564920	48
1631241	48
1664882	48
5121	49
8689	49
9506	49
9702	49
10502	49
13439	49
21361	49
22998	49
38809	49
46871	49
48445	49
58606	49
64249	49
69068	49
70523	49
72626	49
73555	49
73560	49
76838	49
80362	49
86583	49
89900	49
91857	49
132258	49
178715	49
327661	49
536364	49
1525491	49
1525724	49
1529211	49
1531820	49
1531956	49
1540351	49
1541518	49
1545687	49
1546450	49
1548794	49
1554006	49
1560552	49
1577351	49
1591937	49
1610548	49
1667621	49
1717570	49
1728329	49
1747788	49
97	50
909	50
11796	50
19137	50
21280	50
23270	50
32154	50
39766	50
48792	50
49266	50
55577	50
70142	50
73446	50
77685	50
79124	50
79552	50
92684	50
123952	50
132431	50
169743	50
235042	50
848262	50
1357834	50
1525074	50
1529558	50
1544152	50
1547493	50
1548047	50
1548123	50
1570657	50
1613523	50
1639737	50
1708805	50
1711578	50
17358	51
23527	51
29465	51
29494	51
30450	51
34096	51
35170	51
35755	51
45072	51
56741	51
71596	51
95315	51
101740	51
102883	51
141289	51
144447	51
145475	51
161212	51
161625	51
200919	51
535794	51
1524062	51
1535954	51
1538805	51
1547601	51
1547905	51
1557529	51
1559982	51
1571019	51
1606221	51
1630544	51
1667845	51
1709293	51
1711719	51
11661	52
16933	52
17634	52
19576	52
27819	52
28888	52
35802	52
39636	52
41050	52
41054	52
47834	52
50036	52
71090	52
74149	52
76733	52
82931	52
86383	52
154778	52
1175787	52
1356727	52
1527751	52
1532210	52
1532397	52
1533353	52
1538087	52
1550298	52
1552355	52
1608908	52
1609210	52
162	53
12134	53
14130	53
18081	53
18761	53
26743	53
31035	53
31207	53
31429	53
31888	53
37694	53
37909	53
43442	53
48575	53
52436	53
88107	53
91252	53
103448	53
144357	53
739029	53
1526751	53
1535319	53
1537748	53
1545534	53
1546809	53
1552660	53
1560384	53
1562388	53
1640416	53
1664285	53
684	54
1697	54
11127	54
14112	54
16972	54
22863	54
27428	54
32847	54
44115	54
46697	54
56025	54
58640	54
64906	54
65318	54
68212	54
72112	54
75435	54
81406	54
82159	54
82865	54
98214	54
102241	54
134130	54
144549	54
160637	54
1532758	54
1539320	54
1550122	54
1569657	54
1580846	54
1581672	54
1673377	54
1705585	54
6088	55
11486	55
11883	55
12132	55
12885	55
12992	55
16218	55
17975	55
19195	55
24324	55
27740	55
29621	55
33282	55
35869	55
39148	55
54833	55
57076	55
64080	55
70278	55
81801	55
104378	55
124410	55
154568	55
156299	55
162637	55
191168	55
1273104	55
1343754	55
1551765	55
1551767	55
1554207	55
1558207	55
1561104	55
1561119	55
1567339	55
1569667	55
1591136	55
1596722	55
1629629	55
1637036	55
1649308	55
1662267	55
824	56
4639	56
4802	56
9020	56
12666	56
12904	56
24893	56
26781	56
27943	56
35450	56
40472	56
42860	56
44559	56
45628	56
57316	56
62842	56
69050	56
73362	56
80227	56
87796	56
93525	56
143056	56
179717	56
1527655	56
1531537	56
1543791	56
1559194	56
1559449	56
1567717	56
1639372	56
7442	57
10606	57
15616	57
16147	57
20937	57
22424	57
25090	57
27034	57
29421	57
32547	57
33350	57
41923	57
48930	57
54103	57
69306	57
70916	57
72878	57
74068	57
74382	57
76166	57
78697	57
85785	57
89896	57
114947	57
143476	57
146122	57
165718	57
167582	57
177306	57
1361232	57
1530408	57
1531435	57
1544834	57
1562984	57
1565743	57
1607606	57
1632541	57
4737	58
5055	58
5325	58
6049	58
6068	58
11395	58
12152	58
13662	58
14044	58
24858	58
27556	58
45634	58
53151	58
57167	58
62048	58
68722	58
72460	58
100787	58
132640	58
154794	58
165160	58
209910	58
1081196	58
1523770	58
1532525	58
1545481	58
1548170	58
1549026	58
1552304	58
1553119	58
1553159	58
1556052	58
1567972	58
1568950	58
1618704	58
4920	59
6611	59
7174	59
8709	59
11663	59
15478	59
19511	59
20258	59
28549	59
37287	59
48610	59
52611	59
55279	59
56665	59
62699	59
64230	59
67237	59
76925	59
81703	59
81796	59
82063	59
85416	59
86475	59
87327	59
87648	59
91700	59
135468	59
171367	59
1528529	59
1529676	59
1534600	59
1535498	59
1536893	59
1544422	59
1548262	59
1555836	59
1556233	59
1606529	59
1616702	59
1705643	59
22852	60
28440	60
36440	60
40897	60
47680	60
48096	60
50959	60
54385	60
57380	60
58360	60
63213	60
69896	60
73080	60
85245	60
87688	60
91639	60
92211	60
98553	60
98890	60
146050	60
147116	60
162868	60
166009	60
262388	60
262580	60
1187749	60
1527439	60
1532199	60
1542825	60
1563429	60
1643801	60
1670683	60
1752664	60
1734	61
20564	61
21645	61
24467	61
31909	61
38088	61
42630	61
47335	61
61255	61
64038	61
65858	61
66482	61
74650	61
80635	61
81413	61
93905	61
158013	61
160254	61
360066	61
1243590	61
1533017	61
1536738	61
1548013	61
1548800	61
1549118	61
1553361	61
1557231	61
1560281	61
1575406	61
1608393	61
631	62
6852	62
6923	62
9026	62
18295	62
22848	62
27764	62
33509	62
41807	62
47542	62
48266	62
53090	62
62007	62
63730	62
81897	62
88239	62
103158	62
107811	62
107992	62
112126	62
364112	62
909053	62
1362553	62
1524904	62
1526749	62
1528878	62
1531231	62
1538292	62
1550106	62
1556252	62
1558271	62
1592095	62
1603059	62
1648728	62
1662986	62
4771	63
8050	63
10640	63
14134	63
14474	63
19161	63
30661	63
32239	63
43142	63
45284	63
47527	63
49692	63
59090	63
86910	63
88608	63
90665	63
143396	63
148457	63
1007792	63
1524403	63
1536118	63
1536454	63
1539778	63
1546731	63
1565222	63
1588349	63
1611663	63
2947	64
3542	64
6114	64
17364	64
19124	64
19528	64
25199	64
29589	64
31241	64
31756	64
33501	64
35243	64
39317	64
42462	64
44263	64
47349	64
47458	64
55484	64
57965	64
64475	64
64574	64
67924	64
75068	64
76065	64
79688	64
81467	64
82667	64
82820	64
86663	64
130490	64
134969	64
139151	64
147110	64
166789	64
167580	64
169548	64
187022	64
1356079	64
1525350	64
1526646	64
1531265	64
1533543	64
1533699	64
1539344	64
1556197	64
1567025	64
1643692	64
1645036	64
1645229	64
2578	65
8815	65
20733	65
26493	65
33362	65
34269	65
34352	65
38124	65
38553	65
40921	65
42459	65
48784	65
49108	65
51492	65
61842	65
70509	65
71533	65
73836	65
74734	65
78206	65
79146	65
80393	65
80564	65
94887	65
138999	65
140636	65
160195	65
171684	65
230636	65
1526017	65
1526709	65
1537626	65
1540937	65
1543587	65
1544901	65
1558031	65
1642042	65
1750819	65
1354	66
9441	66
10842	66
11621	66
16625	66
22913	66
24857	66
32426	66
36182	66
50561	66
51038	66
62663	66
64571	66
66592	66
71601	66
71813	66
80341	66
81991	66
86753	66
157361	66
701894	66
1524416	66
1525596	66
1528448	66
1531054	66
1531878	66
1534572	66
1544173	66
1553368	66
1554224	66
1560179	66
1582576	66
1596488	66
1670292	66
1677363	66
2868	67
5534	67
12928	67
29371	67
33188	67
36244	67
41831	67
43418	67
51800	67
55919	67
59181	67
67226	67
67731	67
70690	67
80448	67
81594	67
82349	67
86887	67
89125	67
196536	67
429629	67
524978	67
864021	67
1528265	67
1529173	67
1532002	67
1545560	67
1549561	67
1563522	67
1565228	67
1565316	67
1601948	67
1611827	67
1676897	67
1706971	67
1718890	67
1725589	67
11457	68
19893	68
20573	68
21861	68
24708	68
26668	68
31070	68
38442	68
38832	68
49447	68
57224	68
57589	68
66182	68
69084	68
70305	68
74873	68
75836	68
85308	68
86543	68
153218	68
166208	68
167934	68
242606	68
363197	68
1528750	68
1559429	68
1673290	68
2315	69
5301	69
11922	69
15682	69
20833	69
21476	69
21646	69
28275	69
32712	69
35676	69
36269	69
38345	69
74064	69
86404	69
94861	69
177934	69
1528332	69
1531618	69
1537580	69
1554470	69
1570122	69
1612279	69
1618089	69
1638808	69
1645789	69
1112	70
1132	70
9221	70
12711	70
20401	70
25534	70
33601	70
34712	70
43247	70
45185	70
51188	70
62019	70
67327	70
69945	70
72313	70
80759	70
81267	70
93159	70
142974	70
163742	70
208991	70
1523684	70
1531538	70
1533081	70
1550978	70
1556995	70
1559409	70
1560124	70
1651503	70
1713371	70
2903	71
4359	71
5116	71
5676	71
5734	71
10499	71
17309	71
21573	71
27987	71
29294	71
30594	71
36164	71
41007	71
42575	71
52705	71
57187	71
62878	71
64695	71
69045	71
69523	71
73437	71
76642	71
85878	71
94022	71
97134	71
122262	71
146877	71
149370	71
169812	71
179153	71
917148	71
1524289	71
1532154	71
1541954	71
1546772	71
1547954	71
1549074	71
1551080	71
1554275	71
1557581	71
1620185	71
1756941	71
3598	72
6253	72
7256	72
9008	72
18808	72
23822	72
24196	72
25885	72
31149	72
38641	72
44344	72
46521	72
51647	72
52146	72
60700	72
60716	72
61295	72
63050	72
65884	72
70910	72
75245	72
76870	72
140254	72
147336	72
180600	72
182653	72
1524346	72
1524481	72
1525339	72
1527482	72
1531431	72
1538521	72
1539119	72
1545238	72
1547682	72
1548886	72
1549789	72
1551424	72
1574521	72
1661400	72
1738291	72
3959	73
6041	73
8950	73
20156	73
22940	73
23321	73
23902	73
25535	73
28073	73
31600	73
37642	73
39818	73
42539	73
44927	73
50043	73
50870	73
50895	73
53389	73
71811	73
74063	73
76724	73
80311	73
102782	73
139964	73
140005	73
153517	73
228927	73
1351368	73
1528371	73
1529315	73
1533606	73
1540288	73
1544470	73
1551701	73
1551972	73
1553546	73
1555045	73
1620737	73
1676616	73
1741632	73
1748475	73
1765580	73
927	74
1467	74
16348	74
18294	74
22423	74
27569	74
33187	74
33772	74
36596	74
37035	74
37520	74
42629	74
44628	74
49414	74
55345	74
58529	74
65842	74
72712	74
73058	74
75275	74
77638	74
80837	74
88648	74
90330	74
141449	74
159737	74
166754	74
196539	74
347295	74
941836	74
1523451	74
1528050	74
1554342	74
1556975	74
1560007	74
1582660	74
1587172	74
1642853	74
1657041	74
1679475	74
1705323	74
6951	75
8006	75
10622	75
13095	75
15659	75
21013	75
24272	75
24384	75
26612	75
31813	75
34997	75
42632	75
43021	75
46527	75
56078	75
66058	75
72054	75
72311	75
72524	75
75546	75
76076	75
76615	75
85528	75
98386	75
152170	75
175120	75
191509	75
902544	75
1528636	75
1536728	75
1537809	75
1549250	75
1551017	75
1555517	75
1557485	75
1563706	75
1572028	75
1585571	75
1618489	75
1632393	75
1639143	75
1663295	75
1676132	75
1719515	75
7698	76
7765	76
12269	76
16327	76
16920	76
20888	76
21022	76
24076	76
25522	76
34241	76
34470	76
36653	76
37449	76
40914	76
42356	76
42455	76
43253	76
47541	76
54778	76
58093	76
67278	76
68350	76
74665	76
78180	76
82872	76
83085	76
84233	76
88012	76
91674	76
128466	76
176773	76
181781	76
1527970	76
1532840	76
1535384	76
1545959	76
1552277	76
1553816	76
1556204	76
1556598	76
1655789	76
1708775	76
1708787	76
1714085	76
1719796	76
2600	77
5977	77
6966	77
7036	77
8101	77
8787	77
11171	77
11765	77
14763	77
18005	77
20269	77
22006	77
23782	77
29166	77
34525	77
37181	77
43231	77
43391	77
45367	77
46276	77
51137	77
62772	77
66567	77
67385	77
69370	77
70044	77
73955	77
82684	77
110740	77
123194	77
1527034	77
1527040	77
1546058	77
1550640	77
1552613	77
1607922	77
1643464	77
471	78
6197	78
11882	78
14444	78
21492	78
30883	78
36830	78
41190	78
41974	78
46372	78
48463	78
50472	78
53156	78
57026	78
67284	78
67322	78
72704	78
73648	78
77062	78
77361	78
78998	78
82764	78
85246	78
102548	78
107382	78
111975	78
146218	78
146362	78
310505	78
1284217	78
1532542	78
1533737	78
1544714	78
1549937	78
1551736	78
1564751	78
1565762	78
1580966	78
1607344	78
1715600	78
7435	79
19868	79
26115	79
26461	79
31604	79
33313	79
38834	79
59569	79
65048	79
65545	79
68816	79
71440	79
73456	79
74483	79
77321	79
89402	79
97491	79
107240	79
144200	79
148473	79
153551	79
154623	79
179620	79
181866	79
190232	79
241629	79
1525318	79
1527414	79
1534055	79
1547906	79
1555817	79
1568109	79
1636887	79
1656493	79
1662516	79
1767144	79
1945	80
2349	80
4857	80
5684	80
12510	80
13959	80
14602	80
15937	80
18519	80
25733	80
26046	80
33865	80
40946	80
54634	80
60489	80
63134	80
64175	80
67021	80
70814	80
71367	80
73642	80
76719	80
128057	80
144003	80
152774	80
173442	80
179030	80
180373	80
200789	80
1528428	80
1532932	80
1540647	80
1546355	80
1546392	80
1546840	80
1546856	80
1553708	80
1554933	80
1567340	80
1567824	80
1569616	80
1571840	80
1628070	80
1633913	80
1656415	80
1673469	80
1715638	80
1717673	80
23551	81
30589	81
30602	81
35635	81
40277	81
43084	81
47617	81
58900	81
59641	81
65964	81
66317	81
70757	81
77196	81
77459	81
82231	81
83377	81
85102	81
108338	81
136677	81
168575	81
372395	81
1525404	81
1526906	81
1527188	81
1545797	81
1546965	81
1552949	81
1564867	81
1604475	81
1611452	81
1649330	81
4489	82
6366	82
6985	82
12929	82
20493	82
24313	82
24352	82
32901	82
34784	82
67447	82
71975	82
90399	82
105765	82
134273	82
144406	82
151838	82
191010	82
269644	82
310942	82
1531453	82
1531834	82
1536233	82
1550592	82
1568124	82
1583638	82
1625868	82
1636726	82
1669785	82
1676072	82
1706806	82
1712813	82
8685	83
9215	83
17910	83
26903	83
29039	83
29897	83
32917	83
36718	83
38222	83
39940	83
42445	83
47786	83
57137	83
69192	83
75899	83
76487	83
102763	83
178060	83
432488	83
1191719	83
1353258	83
1531209	83
1531862	83
1534310	83
1540783	83
1542871	83
1545045	83
1551376	83
1554238	83
1554389	83
1558385	83
1568831	83
1663210	83
4173	84
4952	84
7480	84
8645	84
14954	84
15163	84
18390	84
22227	84
22290	84
23295	84
23702	84
23730	84
29755	84
30139	84
45209	84
47995	84
55014	84
60238	84
62613	84
66618	84
72301	84
74987	84
79806	84
83762	84
85471	84
87167	84
89100	84
95764	84
99427	84
142940	84
224483	84
1524391	84
1527891	84
1530014	84
1533230	84
1547467	84
1560228	84
1563103	84
1565741	84
1577629	84
1650883	84
1656682	84
5745	85
7295	85
7517	85
11427	85
13054	85
13738	85
24973	85
29062	85
31233	85
38362	85
49122	85
52029	85
60972	85
63096	85
65764	85
71630	85
75363	85
76257	85
80287	85
81396	85
81632	85
84964	85
85680	85
110169	85
133706	85
166578	85
170601	85
212838	85
1265255	85
1527132	85
1529616	85
1529815	85
1541809	85
1568525	85
1574231	85
1597558	85
1626701	85
1631128	85
1661261	85
1768801	85
2193	86
15741	86
20348	86
22603	86
27602	86
29855	86
34640	86
34813	86
47281	86
50614	86
53105	86
57530	86
58772	86
72002	86
73082	86
80481	86
83299	86
83810	86
89223	86
123272	86
145953	86
172252	86
1200876	86
1529058	86
1533131	86
1538181	86
1540038	86
1540523	86
1549183	86
1553826	86
1582097	86
1591708	86
1707625	86
1738741	86
781	87
785	87
4600	87
10479	87
12325	87
13216	87
18923	87
23367	87
30545	87
31321	87
34397	87
39053	87
43903	87
47609	87
53728	87
54537	87
59251	87
67043	87
68287	87
70863	87
78432	87
81101	87
85604	87
105742	87
110636	87
143407	87
620320	87
1324620	87
1523489	87
1557285	87
1558895	87
1560065	87
1586693	87
1595057	87
1605101	87
1627546	87
1632772	87
1670311	87
3916	88
9587	88
10810	88
10882	88
15100	88
17677	88
18984	88
24083	88
28596	88
36673	88
40732	88
42212	88
44677	88
47473	88
48486	88
51610	88
54812	88
67211	88
67382	88
67517	88
77111	88
81517	88
85894	88
133368	88
165692	88
175802	88
176048	88
228043	88
1527105	88
1535590	88
1537478	88
1542262	88
1545570	88
1550284	88
1550418	88
1551363	88
1554036	88
1558638	88
1559182	88
1611921	88
1772186	88
1900	89
3670	89
5460	89
8917	89
11579	89
14712	89
20761	89
29743	89
35496	89
37142	89
51298	89
57429	89
57693	89
60385	89
70912	89
75697	89
81508	89
81802	89
81804	89
85728	89
85734	89
85842	89
97419	89
130400	89
138763	89
142917	89
146294	89
159301	89
183752	89
1524871	89
1528411	89
1535095	89
1535679	89
1538347	89
1545671	89
1560327	89
1575722	89
1578226	89
10630	90
14054	90
35573	90
39470	90
43426	90
48776	90
58476	90
75300	90
75430	90
78942	90
87746	90
89887	90
93119	90
93172	90
95915	90
137446	90
1529168	90
1533633	90
1539440	90
1550766	90
1575172	90
1627234	90
1645295	90
1647161	90
1670116	90
674	91
1153	91
3800	91
9211	91
9612	91
11060	91
13694	91
15635	91
22211	91
22218	91
25411	91
28281	91
39194	91
40692	91
41138	91
43650	91
63821	91
64131	91
68953	91
70826	91
71350	91
72662	91
72668	91
72741	91
73412	91
75985	91
79499	91
83742	91
84038	91
89570	91
170485	91
1523506	91
1523669	91
1523711	91
1524116	91
1527004	91
1527115	91
1529943	91
1532071	91
1532197	91
1536025	91
1540003	91
1591248	91
1625645	91
1641396	91
1711166	91
266	92
924	92
15290	92
15878	92
24003	92
27445	92
28208	92
33315	92
36581	92
41361	92
51120	92
57046	92
60212	92
67556	92
72659	92
75374	92
87159	92
89474	92
95208	92
106366	92
143089	92
150480	92
157588	92
181267	92
181791	92
908253	92
1524153	92
1524263	92
1524778	92
1529091	92
1533449	92
1536666	92
1538786	92
1540964	92
1543550	92
1552156	92
1552883	92
1568824	92
1591229	92
1597798	92
1732089	92
351	93
470	93
2391	93
5288	93
6723	93
23087	93
23246	93
25743	93
32314	93
34666	93
43681	93
55131	93
55983	93
66139	93
69232	93
76439	93
77844	93
82661	93
86841	93
87880	93
88629	93
89817	93
97340	93
101029	93
108541	93
111738	93
216419	93
365852	93
1523499	93
1523859	93
1524011	93
1524241	93
1524645	93
1526523	93
1533067	93
1539944	93
1552673	93
1553452	93
1556031	93
1557697	93
1578091	93
1599972	93
1613953	93
1614460	93
87737	94
84953	100
