43
45
76
84
91
102
111
121
175
217
222
245
249
267
269
306
313
328
346
363
391
393
405
408
417
432
449
450
456
498
513
526
567
581
592
602
604
625
666
667
681
696
704
720
723
736
739
740
747
791
816
838
862
888
902
915
918
923
930
961
975
991
992
1026
1034
1049
1050
1072
1091
1110
1148
1149
1155
1157
1173
1203
1204
1205
1207
1210
1216
1222
1223
1230
1235
1306
1320
1326
1384
1407
1418
1422
1465
1501
1507
1511
1520
1542
1555
1586
1587
1608
1630
1631
1634
1646
1654
1661
1670
1682
1706
1719
1722
1731
1736
1759
1760
1779
1785
1787
1800
1805
1822
1837
1848
1857
1864
1884
1889
1906
1909
1919
1926
1930
1935
1956
1964
1971
1994
2002
2041
2044
2065
2072
2092
2098
2102
2118
2134
2154
2168
2177
2188
2198
2212
2230
2235
2240
2291
2353
2388
2412
2428
2432
2446
2450
2461
2491
2520
2541
2543
2547
2558
2563
2575
2578
2581
2582
2584
2587
2633
2637
2643
2647
2659
2673
2736
2792
2803
2808
2813
2814
2816
2830
2832
2841
2848
2859
2871
2965
2978
2988
3012
3023
3030
3031
3038
3043
3052
3064
3092
3139
3141
3169
3239
3248
3279
3299
3324
3370
3371
3471
3478
3480
3489
3498
3535
3537
3584
3585
3590
3647
3669
3675
3699
3702
3727
3732
3743
3751
3771
3806
3819
3824
3832
3853
3868
3878
3895
3911
3924
3934
3940
3964
3979
3985
3993
4012
4072
4074
4104
4130
4134
4151
4164
4189
4216
4270
4274
4459
4460
4466
4468
4476
4497
4499
4524
4525
4554
4556
4562
4567
4573
4580
4586
4601
4605
4608
4621
4631
4638
4652
4655
4691
4712
4717
4728
4739
4743
4765
4774
4788
4797
4829
4845
4856
4865
4866
4893
4905
4908
4939
4942
4944
4953
4957
4972
4973
5038
5039
5047
5050
5053
5063
5089
5138
5169
5175
5194
5200
5202
5208
5209
5211
5233
5234
5235
5245
5275
5283
5291
5316
5319
5325
5338
5346
5383
5386
5394
5432
5441
5443
5465
5470
5526
5534
5558
5561
5568
5575
5579
5602
5605
5624
5666
5689
5694
5706
5720
5751
5855
5881
5886
5893
5899
5908
5910
5919
5922
5931
5952
5969
5979
5984
5989
6019
6036
6039
6040
6046
6062
6077
6083
6101
6119
6142
6188
6189
6205
6211
6212
6213
6216
6222
6234
6249
6250
6286
6287
6294
6295
6297
6315
6317
6327
6346
6349
6350
6362
6373
6378
6382
6385
6391
6403
6418
6432
6439
6467
6471
6478
6481
6487
6510
6513
6521
6524
6537
6538
6543
6544
6545
6577
6586
6593
6600
6612
6613
6615
6623
6627
6635
6669
6673
6686
6698
6726
6729
6731
6744
6748
6776
6779
6798
6808
6809
6821
6830
6865
6875
6883
6912
6913
6919
6939
6955
6970
6977
6984
6991
7012
7035
7048
7051
7058
7063
7065
7072
7079
7086
7108
7119
7120
7127
7146
7160
7175
7184
7196
7202
7221
7229
7243
7250
7251
7260
7277
7282
7288
7297
7301
7311
7318
7342
7343
7348
7361
7376
7381
7383
7396
7415
7419
7422
7437
7450
7460
7462
7470
7479
7487
7490
7521
7523
7540
7548
7576
7577
7600
7601
7609
7619
7625
7640
7642
7647
7670
7692
7698
7699
7710
7714
7717
7734
7750
7758
7787
7807
7821
7823
7826
7828
7844
7873
7898
7911
7940
7959
7979
7988
8011
8014
8017
8018
8023
8039
8046
8084
8132
8133
8146
8155
8156
8161
8187
8189
8195
8199
8200
8205
8215
8220
8233
8250
8257
8260
8272
8273
8276
8279
8286
8295
8306
8307
8308
8309
8321
8328
8352
8356
8366
8390
8418
8433
8445
8450
8480
8503
8510
8524
8525
8534
8535
8546
8548
8554
8574
8577
8592
8594
8595
8616
8636
8658
8666
8670
8694
8709
8742
8751
8767
8778
8786
8794
8797
8804
8815
8823
8834
8840
8877
8885
8892
8899
8901
8908
8924
8935
8936
8957
8960
8963
8992
9012
9013
9016
9037
9050
9058
9061
9099
9109
9115
9120
9126
9133
9139
9143
9157
9164
9165
9169
9171
9196
9197
9210
9213
9217
9218
9220
9221
9223
9227
9238
9252
9256
9258
9265
9275
9280
9299
9302
9343
9345
9356
9362
9374
9385
9388
9389
9405
9410
9426
9432
9440
9447
9452
9455
9458
9462
9475
9476
9492
9493
9502
9506
9507
9520
9537
9574
9587
9610
9612
9617
9618
9621
9656
9662
9664
9665
9672
9673
9676
9685
9702
9706
9720
9724
9732
9735
9739
9747
9752
9756
9767
9773
9778
9783
9784
9797
9798
9802
9813
9824
9826
9827
9849
9852
9859
9883
9897
9902
9907
9913
9917
9919
9920
9921
9922
9925
9935
9952
9956
9967
9973
9975
9976
9982
9985
9988
9995
10011
10012
10015
10029
10036
10041
10066
10068
10075
10079
10080
10102
10109
10111
10120
10126
10134
10160
10164
10172
10189
10209
10211
10240
10260
10262
10263
10266
10299
10310
10314
10319
10326
10338
10342
10364
10378
10385
10386
10388
10402
10414
10436
10446
10454
10469
10472
10495
10501
10516
10525
10532
10535
10537
10539
10545
10560
10594
10601
10626
10646
10647
10655
10673
10679
10684
10695
10702
10703
10706
10710
10717
10720
10726
10731
10746
10752
10754
10760
10788
10791
10792
10822
10832
10835
10836
10843
10844
10848
10850
10864
10870
10884
10904
10914
10919
10927
10930
10963
10964
10974
10989
10992
10998
11013
11024
11025
11040
11043
11054
11073
11074
11075
11094
11106
11108
11116
11121
11148
11165
11182
11184
11186
11201
11202
11207
11210
11231
11232
11241
11255
11256
11258
11271
11273
11274
11275
11288
11292
11302
11330
11356
11363
11366
11367
11376
11382
11399
11405
11410
11432
11435
11439
11457
11467
11479
11531
11536
11537
11538
11561
11568
11579
11603
11609
11612
11617
11621
11627
11628
11630
11632
11644
11646
11651
11663
11665
11678
11688
11689
11704
11712
11713
11721
11734
11753
11756
11775
11777
11783
11799
11803
11804
11810
11840
11866
11868
11894
11905
11912
11913
11917
11923
11935
11940
11948
11950
11966
11968
11986
11988
11991
12048
12092
12098
12135
12136
12143
12152
12173
12177
12180
12188
12198
12209
12224
12232
12245
12246
12262
12267
12273
12276
12283
12285
12340
12344
12349
12362
12380
12387
12391
12415
12439
12445
12453
12456
12491
12495
12501
12503
12508
12521
12531
12538
12543
12553
12575
12600
12603
12612
12613
12614
12641
12657
12682
12691
12693
12700
12702
12715
12719
12734
12737
12739
12745
12764
12773
12788
12798
12803
12806
12809
12812
12817
12820
12857
12862
12865
12868
12875
12893
12902
12910
12916
12917
12934
12938
12951
12954
12956
12963
12985
12989
13011
13031
13039
13058
13067
13086
13109
13130
13149
13157
13183
13184
13195
13217
13222
13230
13232
13284
13286
13288
13329
13337
13344
13355
13359
13364
13370
13384
13402
13407
13410
13416
13494
13511
13515
13516
13517
13542
13555
13569
13575
13582
13597
13610
13611
13622
13642
13655
13657
13686
13695
13699
13719
13722
13751
13757
13783
13789
13795
13806
13825
13828
13853
13887
13892
13895
13896
13922
13936
13953
13959
13969
13979
13981
13984
13996
13997
13998
14019
14024
14033
14056
14062
14068
14079
14081
14092
14100
14102
14105
14119
14126
14177
14252
14311
14313
14317
14364
14366
14374
14379
14412
14420
14425
14437
14445
14454
14458
14462
14469
14492
14508
14513
14518
14561
14564
14596
14600
14610
14627
14634
14662
14665
14682
14694
14703
14713
14721
14723
14731
14736
14741
14753
14768
14769
14773
14774
14789
14800
14819
14835
14847
14848
14856
14879
14882
14888
14917
14918
14922
14929
14958
14968
14969
14979
14984
14998
15003
15009
15022
15026
15073
15076
15087
15089
15105
15113
15117
15139
15152
15154
15161
15167
15169
15205
15206
15210
15223
15242
15257
15260
15261
15264
15275
15288
15293
15297
15304
15326
15328
15341
15348
15361
15364
15370
15384
15412
15437
15473
15486
15490
15531
15535
15544
15551
15552
15585
15598
15609
15611
15616
15633
15644
15664
15683
15697
15699
15703
15721
15734
15735
15748
15792
15793
15798
15814
15815
15823
15824
15828
15839
15841
15856
15866
15892
15900
15906
15914
15935
15936
15937
15955
15956
15988
15994
16017
16022
16036
16041
16055
16064
16078
16095
16113
16116
16132
16141
16142
16144
16146
16152
16163
16171
16179
16191
16201
16202
16203
16207
16208
16241
16244
16263
16269
16284
16285
16304
16306
16315
16319
16322
16330
16350
16359
16367
16373
16404
16418
16426
16438
16447
16449
16455
16461
16467
16468
16469
16472
16489
16495
16496
16502
16513
16515
16520
16525
16535
16544
16560
16576
16579
16583
16604
16626
16652
16683
16687
16702
16712
16726
16739
16749
16751
16786
16789
16796
16803
16817
16832
16843
16848
16880
16884
16893
16924
16933
16948
16949
16972
16982
17004
17012
17033
17037
17040
17047
17073
17089
17101
17126
17127
17130
17141
17154
17156
17167
17173
17180
17189
17194
17195
17216
17222
17223
17224
17239
17242
17243
17260
17303
17306
17310
17311
17334
17346
17354
17369
17384
17396
17397
17403
17408
17413
17414
17445
17461
17467
17482
17515
17524
17537
17543
17544
17582
17583
17588
17591
17593
17602
17613
17615
17629
17669
17671
17689
17695
17717
17722
17791
17797
17811
17839
17842
17857
17865
17881
17888
17891
17898
17899
17914
17923
17925
17937
17944
17950
17952
17963
17965
17968
17974
17981
17990
17999
18002
18033
18046
18054
18059
18069
18085
18093
18108
18110
18129
18143
18164
18165
18180
18198
18210
18220
18263
18278
18314
18356
18368
18380
18389
18393
18399
18400
18408
18410
18425
18434
18436
18442
18443
18458
18464
18474
18534
18541
18556
18584
18593
18601
18602
18605
18617
18629
18631
18644
18656
18663
18672
18678
18687
18688
18697
18722
18723
18736
18739
18741
18760
18766
18769
18792
18794
18796
18803
18817
18829
18831
18833
18834
18843
18903
18914
18931
18950
18962
18987
18993
19005
19006
19021
19026
19062
19080
19095
19096
19099
19101
19104
19109
19116
19117
19132
19136
19141
19166
19179
19192
19193
19194
19217
19223
19238
19241
19259
19264
19267
19275
19277
19284
19292
19296
19298
19303
19306
19307
19310
19312
19315
19318
19320
19334
19349
19352
19354
19361
19368
19371
19374
19397
19408
19421
19423
19427
19435
19438
19455
19464
19470
19472
19478
19485
19489
19491
19504
19517
19520
19535
19540
19547
19555
19577
19582
19588
19590
19597
19598
19605
19608
19614
19615
19623
19625
19635
19649
19656
19670
19683
19685
19687
19702
19703
19734
19739
19746
19748
19767
19776
19779
19798
19800
19805
19809
19820
19823
19825
19845
19875
19886
19889
19906
19927
19928
19931
19934
19945
19947
19955
19956
19964
19974
19976
19977
19992
19999
20003
20009
20016
20020
20040
20046
20061
20066
20074
20081
20087
20102
20127
20128
20139
20145
20150
20151
20158
20180
20182
20183
20192
20193
20195
20204
20216
20220
20222
20223
20241
20264
20267
20268
20289
20292
20294
20297
20298
20317
20339
20358
20362
20370
20379
20385
20396
20443
20449
20453
20460
20461
20462
20475
20483
20492
20524
20528
20533
20538
20545
20549
20563
20569
20572
20599
20603
20606
20608
20612
20621
20632
20639
20651
20653
20690
20695
20705
20715
20724
20727
20741
20754
20772
20782
20787
20801
20814
20819
20824
20843
20850
20851
20862
20865
20869
20890
20891
20894
20898
20899
20906
20911
20931
20938
20948
20962
20971
20973
20976
20979
20985
21000
21012
21015
21025
21029
21031
21046
21047
21052
21056
21068
21079
21093
21107
21108
21111
21128
21141
21150
21155
21175
21180
21195
21197
21202
21204
21209
21213
21221
21224
21236
21265
21270
21272
21274
21289
21299
21303
21333
21357
21358
21370
21371
21387
21392
21401
21403
21420
21424
21438
21444
21452
21479
21481
21496
21515
21521
21522
21527
21529
21530
21532
21540
21543
21547
21554
21555
21556
21559
21563
21577
21579
21618
21631
21633
21638
21643
21651
21660
21666
21667
21675
21679
21695
21697
21708
21710
21720
21721
21722
21754
21763
21780
21788
21795
21807
21808
21810
21826
21837
21845
21849
21856
21860
21865
21867
21870
21876
21905
21909
21912
21913
21929
21932
21935
21943
21959
21977
22017
22030
22037
22080
22084
22106
22157
22159
22175
22189
22203
22212
22221
22222
22231
22247
22250
22277
22318
22325
22330
22335
22348
22358
22361
22411
22421
22426
22431
22451
22452
22454
22455
22460
22462
22464
22473
22530
22542
22550
22558
22582
22604
22618
22641
22648
22656
22657
22686
22692
22697
22745
22746
22759
22761
22779
22785
22797
22798
22809
22818
22825
22831
22846
22877
22883
22890
22902
22908
22914
22916
22918
22940
22948
22958
22966
22990
22992
23003
23006
23008
23015
23016
23025
23044
23050
23055
23056
23070
23088
23091
23100
23112
23124
23128
23136
23139
23151
23156
23164
23182
23197
23200
23224
23236
23239
23280
23285
23287
23294
23295
23298
23302
23314
23317
23331
23337
23340
23347
23351
23382
23385
23388
23394
23401
23410
23414
23416
23428
23437
23444
23450
23458
23461
23462
23463
23464
23473
23476
23482
23486
23488
23500
23515
23525
23537
23541
23545
23568
23569
23576
23588
23599
23625
23630
23632
23646
23649
23653
23654
23661
23665
23670
23696
23715
23723
23726
23750
23753
23763
23768
23789
23791
23825
23826
23842
23843
23849
23857
23860
23861
23862
23874
23878
23893
23901
23910
23920
23926
23927
23930
23936
23966
23967
23968
23970
23973
23975
23979
23982
24057
24073
24090
24101
24102
24109
24121
24126
24130
24131
24135
24139
24157
24168
24174
24188
24199
24213
24238
24241
24277
24284
24288
24298
24306
24315
24316
24322
24353
24354
24369
24372
24376
24381
24407
24421
24423
24435
24452
24455
24456
24480
24511
24515
24527
24529
24531
24543
24564
24566
24577
24612
24628
24646
24648
24654
24657
24675
24698
24700
24713
24723
24726
24734
24749
24752
24775
24780
24782
24786
24801
24802
24804
24810
24820
24830
24832
24841
24852
24866
24893
24898
24901
24903
24908
24920
24924
24932
24934
24937
24941
24955
24959
24963
24980
24992
25008
25079
25100
25115
25117
25127
25175
25180
25214
25217
25237
25249
25269
25271
25282
25298
25305
25327
25334
25335
25346
25353
25354
25361
25364
25366
25372
25386
25390
25392
25410
25411
25413
25416
25429
25440
25454
25468
25476
25488
25499
25506
25512
25523
25537
25556
25560
25579
25596
25599
25609
25620
25628
25635
25638
25645
25658
25659
25675
25677
25679
25695
25696
25699
25706
25708
25713
25742
25750
25753
25772
25773
25793
25811
25817
25819
25829
25858
25862
25889
25892
25894
25896
25897
25902
25904
25906
25915
25917
25918
25922
25925
25935
25936
25953
25968
25978
26014
26031
26055
26076
26089
26106
26109
26110
26112
26122
26126
26127
26144
26170
26171
26176
26180
26228
26249
26252
26289
26300
26316
26322
26329
26341
26371
26378
26380
26386
26407
26410
26414
26453
26468
26471
26478
26483
26488
26491
26511
26543
26550
26566
26621
26623
26709
26731
26736
26738
26741
26743
26767
26785
26788
26791
26822
26828
26849
26850
26865
26872
26882
26894
26898
26909
26927
26930
26944
26953
26963
26997
27016
27018
27040
27074
27117
27120
27148
27157
27158
27164
27171
27179
27203
27210
27222
27227
27249
27258
27274
27275
27308
27309
27315
27324
27336
27346
27358
27362
27370
27374
27414
27418
27421
27443
27446
27455
27465
27481
27505
27512
27533
27542
27544
27552
27571
27592
27624
27651
27654
27672
27694
27696
27705
27719
27777
27786
27816
27834
27835
27840
27867
27886
27889
27906
27960
27969
27973
27977
28012
28020
28089
28142
28154
28155
28173
28194
28196
28219
28224
28238
28249
28268
28283
28330
28335
28348
28368
28399
28408
28416
28423
28433
28443
28453
28472
28483
28484
28487
28492
28507
28532
28535
28552
28585
28588
28593
28608
28624
28630
28634
28641
28643
28669
28678
28682
28713
28717
28719
28735
28737
28747
28779
28797
28815
28818
28824
28825
28828
28870
28879
28923
28935
28977
28983
28986
28990
29015
29022
29031
29037
29045
29046
29067
29075
29086
29091
29129
29133
29136
29139
29142
29151
29158
29184
29198
29203
29207
29208
29226
29227
29229
29232
29244
29248
29251
29254
29264
29267
29282
29283
29299
29308
29323
29332
29340
29360
29363
29372
29375
29384
29395
29397
29406
29411
29413
29429
29439
29487
29497
29502
29520
29528
29531
29540
29543
29550
29557
29559
29563
29594
29605
29614
29618
29630
29647
29681
29683
29684
29686
29706
29717
29727
29736
29738
29749
29754
29777
29782
29798
29824
29829
29869
29878
29884
29910
29919
29922
29923
29924
29929
29939
29950
29955
29956
29962
29965
29973
29979
29987
29991
29992
29993
30010
30011
30019
30027
30030
30042
30051
30064
30067
30079
30081
30116
30117
30121
30138
30174
30175
30194
30218
30227
30230
30245
30246
30267
30273
30274
30281
30285
30292
30326
30352
30357
30374
30395
30400
30402
30410
30419
30433
30434
30440
30445
30448
30465
30475
30488
30501
30505
30508
30526
30533
30538
30543
30560
30585
30588
30604
30610
30611
30613
30614
30631
30635
30644
30652
30654
30658
30659
30665
30676
30689
30704
30736
30745
30761
30769
30788
30793
30800
30807
30809
30812
30842
30857
30859
30864
30865
30948
30959
30965
30975
30997
31003
31045
31046
31063
31068
31099
31100
31119
31124
31140
31154
31157
31176
31182
31201
31217
31218
31240
31243
31250
31253
31256
31262
31265
31285
31299
31311
31332
31350
31351
31362
31368
31408
31418
31429
31430
31433
31442
31443
31458
31465
31477
31507
31520
31529
31531
31555
31560
31570
31573
31576
31583
31602
31611
31645
31651
31653
31683
31685
31687
31689
31698
31746
31765
31770
31787
31821
31830
31835
31837
31838
31839
31845
31857
31877
31888
31893
31898
31910
31917
31918
31923
31943
31953
31955
31972
32000
32012
32020
32036
32038
32054
32058
32059
32062
32088
32105
32108
32109
32120
32131
32199
32217
32226
32240
32262
32266
32275
32279
32281
32311
32318
32323
32336
32348
32363
32374
32376
32383
32385
32387
32392
32396
32399
32405
32427
32430
32432
32434
32458
32470
32496
32505
32506
32513
32516
32535
32549
32550
32553
32554
32562
32564
32569
32573
32580
32611
32613
32653
32684
32685
32706
32724
32734
32748
32754
32759
32765
32769
32770
32775
32785
32796
32814
32822
32825
32827
32832
32835
32842
32856
32861
32869
32899
32920
32932
32938
32939
32940
32973
33046
33049
33065
33067
33088
33092
33097
33100
33115
33134
33144
33177
33184
33208
33219
33223
33226
33228
33237
33244
33265
33270
33275
33276
33289
33295
33298
33309
33312
33324
33329
33336
33341
33343
33350
33355
33364
33369
33386
33388
33390
33400
33402
33406
33408
33409
33416
33438
33446
33453
33455
33459
33488
33492
33502
33514
33538
33554
33556
33557
33569
33574
33593
33619
33620
33622
33626
33629
33637
33644
33649
33650
33657
33670
33677
33687
33714
33727
33733
33742
33744
33747
33762
33769
33780
33784
33800
33801
33806
33809
33810
33827
33828
33832
33841
33849
33852
33859
33863
33867
33869
33876
33880
33888
33904
33911
33915
33928
33938
33945
33948
33957
33976
33998
34008
34015
34018
34019
34027
34038
34062
34086
34089
34092
34099
34105
34121
34130
34152
34158
34177
34199
34202
34209
34263
34298
34314
34351
34359
34362
34364
34372
34375
34402
34414
34426
34432
34471
34478
34501
34513
34515
34521
34545
34554
34588
34615
34617
34623
34630
34631
34655
34668
34672
34674
34677
34681
34689
34691
34693
34697
34706
34707
34714
34715
34720
34729
34730
34742
34761
34764
34800
34813
34816
34828
34849
34861
34864
34915
34918
34920
34921
34934
34937
34944
34955
34964
34965
34977
35001
35033
35037
35042
35045
35057
35058
35063
35067
35072
35077
35089
35093
35095
35097
35103
35113
35146
35151
35158
35166
35170
35184
35205
35209
35213
35224
35256
35262
35273
35289
35300
35302
35308
35321
35336
35343
35352
35355
35363
35367
35371
35377
35385
35387
35389
35394
35396
35400
35425
35427
35428
35451
35453
35463
35486
35501
35505
35539
35543
35547
35551
35553
35561
35568
35575
35580
35586
35592
35600
35609
35616
35618
35625
35631
35634
35639
35651
35684
35694
35697
35708
35714
35743
35755
35776
35785
35806
35830
35838
35846
35847
35897
35909
35922
35947
35978
35986
36000
36006
36012
36016
36017
36018
36025
36027
36030
36038
36040
36101
36105
36116
36121
36123
36135
36138
36159
36161
36164
36167
36187
36190
36195
36197
36221
36232
36238
36240
36255
36260
36275
36282
36326
36335
36337
36346
36352
36357
36370
36373
36375
36379
36381
36391
36392
36393
36409
36411
36415
36416
36427
36453
36461
36466
36478
36492
36493
36498
36503
36517
36520
36532
36534
36535
36552
36586
36589
36592
36593
36621
36626
36630
36634
36650
36666
36667
36675
36679
36685
36695
36700
36729
36743
36744
36781
36784
36786
36788
36793
36821
36830
36849
36850
36852
36854
36862
36867
36872
36890
36891
36903
36907
36921
36926
36930
36949
36959
36960
36961
36981
36987
36999
37007
37008
37025
37036
37042
37045
37049
37055
37083
37137
37145
37147
37162
37164
37172
37207
37208
37219
37225
37249
37257
37261
37264
37269
37271
37277
37287
37292
37293
37297
37314
37318
37319
37325
37327
37338
37339
37344
37355
37360
37376
37378
37380
37385
37389
37400
37403
37404
37412
37422
37425
37428
37429
37450
37460
37464
37471
37488
37489
37491
37497
37500
37558
37571
37583
37603
37621
37624
37627
37632
37633
37636
37653
37669
37670
37712
37713
37723
37728
37733
37734
37768
37779
37783
37805
37811
37813
37816
37818
37823
37839
37880
37900
37914
37919
37920
37929
37955
37982
37987
37994
37995
38011
38013
38015
38017
38018
38021
38031
38035
38044
38047
38070
38072
38077
38078
38090
38095
38113
38125
38133
38140
38150
38153
38158
38170
38171
38176
38191
38204
38213
38226
38227
38247
38266
38276
38294
38296
38299
38308
38310
38316
38318
38332
38333
38368
38370
38372
38390
38396
38402
38407
38409
38430
38433
38434
38440
38464
38471
38472
38479
38483
38485
38504
38530
38539
38560
38567
38589
38593
38595
38605
38611
38618
38621
38642
38646
38653
38654
38658
38659
38663
38683
38703
38725
38726
38729
38730
38731
38741
38758
38763
38768
38770
38791
38804
38818
38820
38824
38827
38872
38880
38883
38900
38902
38908
38915
38919
38920
38925
38940
38942
38975
38981
38985
38990
38993
39001
39037
39041
39042
39045
39052
39076
39078
39090
39092
39094
39097
39098
39112
39116
39120
39134
39142
39144
39165
39166
39180
39181
39186
39196
39197
39235
39253
39259
39267
39275
39278
39284
39294
39296
39303
39317
39323
39331
39359
39365
39369
39378
39382
39384
39388
39406
39407
39419
39441
39444
39448
39460
39461
39467
39486
39502
39512
39518
39526
39530
39540
39544
39558
39570
39580
39588
39602
39614
39617
39627
39630
39632
39635
39637
39644
39664
39671
39677
39693
39702
39703
39722
39727
39736
39738
39793
39794
39796
39800
39811
39812
39813
39826
39839
39848
39863
39869
39872
39906
39918
39947
39985
39991
39999
40008
40022
40032
40037
40040
40044
40052
40054
40067
40068
40087
40089
40111
40118
40137
40143
40160
40163
40165
40169
40182
40187
40189
40220
40237
40238
40245
40260
40261
40299
40309
40312
40316
40318
40319
40328
40329
40342
40344
40349
40365
40394
40398
40399
40433
40439
40443
40464
40473
40481
40495
40508
40516
40525
40540
40544
40548
40553
40567
40568
40587
40595
40597
40605
40617
40618
40622
40626
40634
40640
40649
40656
40660
40662
40673
40682
40683
40695
40704
40721
40722
40731
40733
40743
40747
40748
40751
40761
40762
40781
40786
40789
40822
40834
40849
40850
40859
40860
40886
40892
40906
40923
40944
40946
40950
40965
40968
40969
40994
41002
41004
41025
41031
41033
41038
41042
41051
41059
41078
41080
41084
41087
41094
41107
41112
41122
41139
41148
41162
41177
41185
41197
41214
41216
41218
41244
41256
41257
41265
41276
41286
41306
41307
41309
41310
41312
41319
41325
41338
41342
41384
41387
41388
41399
41408
41410
41411
41414
41430
41431
41432
41440
41451
41459
41490
41519
41529
41530
41540
41546
41556
41559
41582
41587
41594
41600
41631
41648
41650
41672
41681
41702
41712
41722
41777
41785
41794
41821
41847
41867
41873
41904
41923
41934
41935
41936
41943
41959
41975
41984
42006
42010
42012
42041
42047
42049
42058
42093
42094
42126
42129
42150
42164
42166
42168
42173
42186
42192
42196
42216
42233
42235
42246
42268
42272
42284
42306
42312
42336
42347
42349
42353
42360
42365
42369
42371
42390
42398
42412
42413
42431
42461
42465
42467
42468
42469
42480
42491
42492
42494
42513
42529
42535
42562
42564
42576
42594
42602
42613
42622
42634
42636
42641
42643
42652
42658
42665
42669
42677
42684
42695
42710
42737
42740
42744
42767
42782
42783
42791
42793
42795
42799
42806
42808
42831
42841
42842
42856
42881
42894
42897
42924
42927
42941
42947
42949
42983
42991
42995
43020
43033
43039
43044
43045
43046
43047
43052
43061
43075
43086
43116
43122
43127
43140
43146
43153
43157
43162
43180
43192
43205
43218
43222
43223
43229
43235
43238
43239
43242
43255
43256
43316
43328
43340
43358
43374
43377
43378
43388
43412
43417
43420
43426
43436
43462
43469
43474
43481
43496
43501
43506
43514
43523
43533
43551
43561
43567
43580
43581
43597
43601
43619
43643
43647
43667
43676
43678
43681
43705
43720
43731
43732
43739
43742
43750
43755
43756
43760
43784
43797
43808
43828
43830
43839
43860
43866
43883
43898
43904
43910
43913
43919
43920
43921
43927
43928
43929
43952
43960
43999
44033
44060
44073
44079
44084
44086
44091
44097
44109
44171
44172
44187
44196
44198
44211
44226
44237
44244
44257
44304
44309
44320
44322
44327
44332
44363
44385
44403
44418
44425
44437
44440
44447
44467
44476
44487
44494
44497
44498
44499
44500
44504
44505
44509
44521
44529
44536
44539
44547
44579
44586
44593
44595
44619
44625
44627
44675
44689
44692
44696
44699
44700
44709
44722
44724
44742
44751
44753
44754
44759
44760
44774
44779
44780
44782
44793
44810
44814
44816
44841
44845
44848
44853
44872
44880
44901
44902
44903
44913
44914
44935
44942
44945
44956
44984
44988
45000
45006
45007
45033
45034
45043
45048
45056
45075
45077
45092
45101
45104
45136
45144
45156
45172
45184
45186
45190
45209
45213
45227
45247
45256
45257
45306
45312
45317
45325
45330
45350
45351
45357
45365
45377
45386
45394
45413
45429
45449
45453
45467
45478
45481
45486
45494
45501
45514
45528
45529
45531
45538
45547
45550
45555
45563
45564
45568
45601
45602
45604
45613
45616
45652
45660
45664
45674
45684
45700
45704
45706
45717
45726
45750
45760
45783
45787
45798
45806
45856
45872
45876
45878
45884
45911
45913
45925
45941
45943
45944
45945
45949
45952
45960
45978
45983
45997
46008
46019
46026
46080
46099
46103
46105
46118
46120
46122
46123
46136
46139
46141
46145
46149
46156
46184
46200
46211
46245
46249
46250
46260
46275
46307
46310
46312
46314
46336
46348
46351
46352
46356
46360
46375
46387
46401
46408
46411
46414
46417
46434
46444
46448
46454
46456
46459
46476
46478
46502
46507
46536
46538
46550
46563
46574
46580
46583
46586
46595
46598
46607
46608
46616
46620
46643
46656
46659
46660
46680
46681
46684
46685
46695
46696
46697
46709
46714
46737
46740
46743
46755
46762
46775
46784
46795
46811
46813
46814
46840
46850
46854
46865
46891
46904
46912
46934
46935
46936
46945
46949
46957
46999
47005
47027
47037
47052
47056
47064
47066
47070
47075
47114
47117
47122
47123
47128
47170
47174
47183
47196
47202
47203
47204
47213
47230
47235
47253
47275
47279
47281
47291
47306
47308
47322
47324
47339
47347
47367
47374
47377
47380
47383
47386
47390
47411
47426
47435
47441
47451
47460
47479
47497
47507
47508
47517
47553
47555
47584
47588
47589
47594
47604
47614
47623
47626
47643
47652
47664
47665
47673
47695
47696
47732
47756
47782
47790
47945
47985
48032
48099
48146
48188
48236
48237
48252
48271
48282
48284
48285
48289
48310
48372
48381
48484
48496
48535
48570
48597
48602
48604
48673
48711
48715
48741
48760
48782
48824
48918
48922
48946
48976
48981
49084
49089
49092
49117
49123
49127
49136
49145
49159
49244
49261
49281
49326
49327
49346
49378
49395
49401
49405
49411
49448
49513
49524
49610
49633
49662
49666
49682
49789
49805
49814
49839
49844
49845
49874
49885
49889
49893
49906
49907
49911
49923
49925
49933
49945
50018
50019
50027
50032
50053
50054
50062
50065
50074
50076
50111
50125
50148
50150
50180
50188
50227
50274
50304
50321
50322
50330
50340
50368
50381
50468
50515
50607
50631
50642
50666
50723
50811
50887
50899
50956
51256
51278
51649
51794
51999
52070
52120
52139
52221
52282
52328
52393
52410
52522
52547
52559
52586
52647
52653
52676
52679
52713
52716
52719
52745
52769
52785
52793
52864
52881
52914
52951
52976
52995
53004
53006
53017
53034
53063
53064
53068
53077
53088
53158
53159
53199
53227
53243
53270
53275
53285
53288
53325
53330
53335
53338
53343
53345
53374
53378
53402
53405
53416
53463
53479
53581
53680
53685
53695
53698
53720
53732
53745
53766
53780
53812
53820
53903
53919
53920
54006
54126
54161
54190
54191
54197
54198
54218
54229
54230
54240
54266
54280
54349
54366
54379
54401
54438
54485
54514
54543
54545
54554
54558
54589
54610
54617
54654
54673
54743
54920
54980
54993
55025
55027
55050
55119
55125
55150
55217
55218
55234
55241
55246
55250
55307
55317
55335
55355
55425
55434
55436
55461
55469
55470
55485
55495
55515
55517
55748
55758
55804
55810
55812
55866
55867
55875
55892
55934
55963
55971
56049
56050
56089
56091
56102
56148
56156
56299
56312
56486
56498
56515
56525
56531
56729
56789
56802
56885
56901
56975
56983
57178
57190
57210
57232
57280
57290
57341
57359
57372
57388
57402
57446
57572
57618
57651
57667
57759
57774
57805
57806
57839
57855
57870
57875
57902
57925
57960
57978
57991
58026
58075
58076
58078
58119
58208
58224
58234
58261
58322
58345
58360
58411
58449
58488
58496
58551
58594
58657
58707
58721
58825
58833
58866
58897
58927
58938
58966
58971
58985
59042
59137
59163
59175
59185
59191
59200
59202
59235
59242
59250
59257
59294
59356
59357
59427
59450
59480
59576
59752
59781
59836
59847
59868
60000
60005
60073
60093
60136
60148
60151
60159
60267
60292
60320
60328
60348
60369
60408
60446
60449
60456
60490
60495
60512
60558
60577
60579
60647
60664
60690
60725
60792
60825
60860
60873
60884
60890
60949
60962
60976
60996
61009
61079
61160
61185
61192
61215
61283
61287
61302
61312
61333
61341
61349
61354
61371
61376
61432
61458
61496
61516
61517
61559
61603
61615
61676
61687
61722
61761
61818
61843
61848
61876
61889
61922
61941
62015
62076
62106
62138
62166
62185
62186
62214
62250
62253
62317
62425
62483
62488
62551
62600
62629
62688
62698
62804
62821
62846
62862
62978
62990
63012
63044
63100
63135
63148
63173
63186
63189
63259
63264
63268
63277
63288
63290
63309
63332
63341
63354
63386
63399
63457
63572
63573
63583
63584
63610
63616
63619
63637
63656
63663
63667
63676
63696
63731
63732
63736
63759
63762
63768
63787
63825
63834
63841
63853
63888
63896
63923
63984
63985
64077
64114
64119
64227
64231
64272
64283
64286
64302
64305
64306
64348
64396
64431
64456
64528
64536
64581
64592
64599
64603
64639
64675
64732
64734
64830
64838
64844
64910
64911
64950
64975
64981
65023
65040
65086
65118
65153
65270
65283
65321
65352
65381
65461
65462
65464
65505
65557
65559
65617
65689
65702
65708
65719
65730
67370
67496
68802
74703
75148
75443
78839
82809
84019
84106
84619
85805
86802
87433
91421
91574
92222
93946
95505
97174
99492
101350
102763
103895
104753
105418
106983
108156
108173
108597
108661
108866
109550
113360
116004
119040
120354
126171
126934
127882
135418
137970
140671
142418
145718
147901
158458
161555
169104
178568
203265
203812
204558
226115
276575
395961
492341
