48
53
67
71
78
88
106
132
159
164
192
200
227
250
252
257
286
301
309
315
316
355
380
414
424
428
446
452
460
494
508
532
544
554
571
604
607
613
634
642
657
678
699
744
758
760
803
809
849
861
877
886
888
900
911
936
937
943
950
954
962
964
979
988
1015
1019
1038
1041
1047
1052
1055
1056
1068
1094
1102
1111
1158
1159
1164
1166
1168
1181
1183
1199
1201
1241
1250
1252
1256
1261
1267
1281
1352
1416
1427
1446
1453
1500
1506
1514
1563
1565
1598
1608
1620
1634
1655
1658
1680
1682
1692
1693
1701
1720
1738
1756
1758
1809
1818
1830
1836
1859
1871
1888
1896
1899
1907
1908
1931
1946
1969
1995
1998
2003
2007
2011
2023
2072
2085
2097
2106
2112
2114
2126
2129
2187
2188
2189
2195
2196
2209
2235
2250
2251
2269
2274
2279
2285
2311
2320
2321
2335
2339
2340
2341
2352
2376
2382
2392
2402
2426
2430
2439
2442
2456
2475
2476
2477
2481
2483
2484
2489
2502
2523
2526
2552
2560
2583
2586
2595
2609
2618
2641
2676
2682
2686
2715
2721
2736
2743
2756
2783
2785
2786
2791
2819
2836
2840
2872
2913
2920
2922
2926
2927
2936
2942
2965
2969
2970
2994
3010
3024
3026
3035
3051
3079
3090
3099
3102
3106
3124
3225
3239
3247
3255
3263
3264
3268
3276
3289
3338
3353
3361
3367
3384
3396
3414
3423
3452
3459
3462
3483
3492
3493
3498
3499
3504
3506
3508
3509
3510
3520
3521
3534
3560
3561
3610
3611
3633
3646
3649
3652
3653
3659
3665
3695
3711
3720
3723
3730
3748
3759
3773
3798
3828
3867
3897
3902
3958
4007
4018
4023
4030
4055
4085
4118
4160
4190
4209
4213
4217
4223
4228
4236
4288
4342
4343
4351
4363
4395
4401
4417
4418
4424
4428
4454
4478
4492
4502
4505
4540
4558
4583
4588
4615
4620
4627
4663
4684
4706
4712
4717
4723
4731
4767
4796
4804
4812
4817
4822
4826
4842
4847
4852
4861
4875
4891
4920
4923
4945
4946
4949
4976
4979
4982
4995
5022
5032
5050
5102
5140
5141
5167
5193
5200
5205
5209
5280
5328
5329
5360
5362
5375
5392
5394
5395
5449
5462
5469
5470
5519
5527
5551
5569
5631
5646
5650
5657
5665
5681
5694
5696
5714
5717
5732
5771
5812
5838
5843
5897
5915
5919
5922
5944
5948
6034
6041
6069
6083
6099
6117
6133
6162
6171
6173
6187
6197
6211
6226
6234
6246
6251
6263
6289
6303
6306
6323
6333
6377
6399
6406
6413
6415
6424
6426
6427
6437
6448
6453
6465
6470
6478
6522
6544
6558
6563
6565
6570
6594
6601
6606
6618
6636
6649
6652
6659
6667
6668
6671
6677
6679
6692
6695
6697
6701
6710
6714
6735
6741
6784
6792
6817
6820
6830
6846
6850
6854
6869
6892
6893
6894
6917
6919
6920
6931
6954
6975
6980
6990
6996
7006
7013
7030
7032
7059
7065
7088
7102
7109
7112
7143
7152
7164
7187
7202
7218
7219
7225
7232
7236
7245
7256
7257
7268
7269
7291
7293
7294
7296
7313
7343
7356
7359
7360
7361
7367
7369
7373
7384
7385
7399
7402
7407
7420
7426
7447
7450
7455
7522
7525
7531
7533
7536
7549
7558
7570
7576
7582
7602
7620
7627
7634
7662
7671
7672
7702
7716
7719
7723
7724
7726
7734
7742
7746
7758
7772
7779
7796
7814
7825
7839
7880
7893
7913
7925
7927
7965
7974
7976
7978
7984
7997
7999
8006
8013
8015
8029
8031
8033
8056
8062
8068
8074
8084
8115
8124
8131
8133
8136
8140
8142
8150
8151
8163
8197
8225
8231
8241
8243
8262
8265
8274
8290
8308
8339
8341
8348
8352
8353
8354
8359
8365
8399
8421
8422
8424
8442
8443
8448
8453
8463
8475
8498
8514
8522
8523
8549
8562
8585
8594
8602
8620
8627
8634
8646
8647
8667
8670
8671
8684
8716
8739
8744
8748
8799
8807
8815
8824
8836
8850
8857
8876
8951
8959
8993
8994
9023
9089
9092
9116
9130
9139
9144
9146
9173
9191
9211
9219
9222
9226
9231
9238
9239
9256
9259
9266
9274
9283
9286
9291
9316
9327
9328
9354
9356
9359
9362
9416
9420
9422
9429
9433
9439
9442
9453
9458
9459
9462
9493
9528
9538
9574
9577
9579
9628
9644
9647
9650
9659
9674
9691
9696
9700
9707
9733
9745
9754
9785
9791
9797
9805
9806
9815
9841
9847
9858
9884
9917
9940
9971
9988
10028
10061
10068
10135
10180
10181
10192
10203
10213
10219
10223
10233
10290
10291
10343
10351
10360
10443
10451
10455
10458
10500
10503
10511
10539
10558
10563
10571
10590
10598
10603
10617
10639
10645
10671
10688
10730
10749
10751
10756
10769
10800
10809
10812
10827
10835
10859
10869
10870
10885
10904
10946
10948
10963
10977
10981
10986
11072
11099
11119
11133
11149
11151
11159
11180
11217
11225
11230
11236
11252
11270
11280
11289
11328
11330
11340
11393
11398
11408
11409
11430
11440
11476
11497
11514
11526
11530
11539
11541
11547
11557
11572
11582
11588
11612
11619
11678
11688
11748
11755
11787
11796
11804
11819
11825
11846
11849
11859
11872
11897
11921
11943
11989
12024
12051
12069
12078
12088
12091
12092
12136
12139
12173
12184
12213
12214
12235
12253
12346
12349
12356
12363
12366
12385
12401
12435
12454
12470
12519
12522
12529
12547
12556
12591
12616
12652
12660
12680
12718
12723
12752
12764
12824
12849
12857
12861
12870
12874
12976
12987
12989
13008
13009
13013
13016
13019
13041
13043
13060
13104
13109
13140
13159
13162
13186
13194
13197
13203
13215
13220
13221
13226
13265
13271
13290
13297
13321
13352
13383
13417
13420
13429
13461
13522
13534
13543
13563
13574
13599
13619
13624
13663
13678
13681
13696
13708
13719
13737
13740
13798
13803
13804
13828
13834
13838
13852
13859
13874
13875
13903
13914
13926
13950
13952
13974
14012
14013
14048
14074
14143
14144
14172
14198
14220
14229
14236
14258
14281
14295
14341
14357
14361
14365
14373
14403
14404
14420
14429
14461
14471
14487
14488
14497
14526
14574
14621
14622
14628
14643
14679
14695
14714
14736
14754
14760
14784
14817
14831
14848
14872
14897
14932
14934
14943
14953
14962
14970
14983
14987
14992
14997
15033
15046
15055
15059
15066
15091
15096
15112
15122
15131
15136
15140
15151
15155
15166
15194
15199
15202
15203
15204
15221
15249
15261
15285
15286
15323
15326
15396
15421
15422
15436
15445
15448
15450
15453
15468
15481
15502
15505
15509
15520
15555
15573
15585
15605
15632
15658
15662
15721
15732
15751
15767
15789
15793
15803
15805
15809
15816
15867
15876
15882
15884
15891
15903
15907
15911
15913
15922
15930
15938
15993
16026
16039
16052
16056
16084
16122
16126
16131
16146
16159
16161
16162
16166
16192
16232
16251
16258
16278
16303
16312
16328
16342
16344
16350
16353
16380
16382
16383
16394
16399
16407
16418
16461
16475
16514
16528
16537
16575
16590
16594
16595
16614
16620
16631
16642
16644
16658
16663
16683
16693
16695
16700
16719
16758
16770
16776
16800
16804
16812
16819
16834
16843
16849
16854
16874
16907
16945
16947
16951
16970
16977
17015
17017
17019
17029
17030
17094
17096
17109
17111
17112
17131
17134
17150
17160
17186
17195
17213
17223
17231
17233
17236
17247
17255
17271
17290
17298
17299
17308
17312
17316
17323
17328
17339
17342
17344
17345
17350
17372
17373
17384
17405
17436
17458
17469
17477
17491
17494
17501
17508
17535
17545
17560
17561
17599
17638
17639
17641
17644
17655
17656
17659
17672
17741
17748
17768
17773
17783
17800
17824
17831
17839
17848
17865
17873
17906
17910
17912
17914
17917
17922
17929
17932
17948
17985
18035
18058
18077
18095
18107
18108
18117
18122
18148
18196
18217
18223
18232
18238
18248
18270
18310
18315
18341
18376
18393
18403
18404
18470
18480
18492
18503
18509
18514
18529
18542
18567
18588
18597
18599
18601
18608
18613
18618
18626
18629
18663
18671
18674
18692
18702
18729
18732
18743
18751
18775
18811
18815
18839
18853
18863
18868
18882
18897
18936
18953
19060
19070
19079
19092
19111
19116
19129
19143
19210
19219
19230
19236
19246
19247
19289
19297
19302
19323
19360
19368
19402
19420
19422
19426
19447
19460
19477
19482
19494
19498
19514
19519
19540
19549
19557
19621
19640
19663
19696
19697
19706
19707
19717
19752
19778
19784
19795
19801
19825
19871
19876
19893
19898
19907
19912
19936
19953
20000
20031
20032
20088
20104
20107
20122
20137
20159
20221
20242
20247
20248
20254
20266
20297
20305
20307
20309
20326
20330
20340
20356
20370
20373
20378
20391
20398
20400
20421
20424
20434
20451
20453
20463
20467
20469
20482
20490
20493
20495
20509
20511
20526
20532
20534
20535
20539
20550
20569
20573
20578
20592
20593
20607
20621
20625
20639
20645
20670
20672
20692
20693
20696
20698
20700
20706
20708
20712
20717
20731
20741
20748
20769
20796
20801
20803
20805
20807
20818
20823
20834
20844
20853
20856
20864
20879
20884
20900
20901
20904
20909
20914
20915
20923
20926
20934
20940
20947
20962
20968
20976
20984
20986
20990
20997
21015
21028
21033
21039
21050
21057
21064
21074
21094
21099
21113
21120
21122
21129
21154
21162
21165
21174
21182
21185
21190
21206
21207
21234
21242
21249
21255
21265
21266
21287
21291
21297
21315
21319
21333
21334
21340
21377
21403
21419
21420
21424
21430
21433
21438
21451
21458
21460
21462
21467
21469
21472
21504
21507
21523
21539
21568
21572
21596
21602
21608
21612
21617
21619
21621
21633
21643
21664
21680
21688
21700
21709
21710
21713
21729
21730
21771
21785
21794
21804
21805
21822
21830
21841
21842
21845
21849
21855
21857
21861
21884
21891
21905
21912
21918
21920
21926
21944
21969
21973
21975
21983
21985
21997
22001
22004
22005
22009
22015
22034
22035
22036
22043
22050
22056
22071
22081
22087
22100
22102
22105
22107
22110
22126
22141
22149
22179
22186
22189
22191
22217
22252
22256
22283
22295
22313
22320
22339
22349
22351
22363
22375
22383
22435
22440
22481
22505
22519
22535
22536
22554
22556
22580
22602
22606
22634
22643
22650
22653
22658
22673
22683
22739
22770
22782
22830
22833
22834
22847
22851
22898
22904
22938
22989
22996
23002
23004
23011
23027
23028
23033
23048
23053
23054
23070
23071
23083
23097
23108
23110
23112
23114
23118
23125
23139
23175
23194
23232
23246
23307
23324
23336
23358
23363
23370
23409
23411
23421
23428
23435
23509
23512
23518
23519
23524
23534
23544
23566
23585
23603
23604
23605
23608
23636
23640
23658
23664
23665
23705
23723
23740
23758
23769
23776
23781
23788
23812
23818
23821
23823
23841
23866
23868
23897
23915
23920
23944
23974
23975
24007
24036
24043
24044
24045
24109
24110
24111
24112
24126
24128
24134
24154
24162
24171
24172
24209
24221
24222
24235
24238
24240
24248
24259
24272
24299
24316
24327
24362
24406
24421
24442
24457
24465
24472
24481
24487
24490
24497
24500
24515
24530
24534
24558
24578
24590
24600
24601
24603
24604
24605
24624
24631
24633
24659
24663
24673
24678
24682
24691
24697
24716
24764
24789
24795
24813
24823
24825
24837
24866
24872
24873
24902
24921
24923
24939
24948
24951
24959
24971
24990
25006
25015
25019
25034
25051
25061
25068
25076
25077
25129
25152
25196
25203
25212
25224
25225
25236
25240
25249
25258
25262
25273
25306
25315
25320
25331
25362
25364
25365
25371
25375
25427
25442
25461
25463
25485
25488
25490
25495
25499
25515
25525
25530
25547
25560
25566
25570
25576
25582
25609
25617
25624
25661
25679
25688
25690
25691
25694
25698
25708
25717
25718
25723
25724
25725
25741
25757
25771
25780
25787
25792
25814
25842
25854
25866
25892
25908
25916
25917
25922
25926
25927
25937
25940
25957
25958
25963
25969
25983
25992
26012
26016
26029
26034
26043
26070
26073
26080
26092
26099
26112
26134
26138
26148
26170
26180
26187
26196
26203
26213
26234
26237
26259
26262
26263
26266
26285
26286
26302
26305
26311
26368
26387
26400
26421
26427
26428
26429
26434
26446
26452
26468
26491
26508
26511
26512
26513
26518
26522
26533
26553
26567
26653
26749
26816
26846
26865
26991
27077
27081
27083
27092
27096
27102
27121
27188
27197
27307
27338
27358
27378
27401
27408
27473
27483
27506
27518
27520
27528
27566
27599
27639
27653
27672
27721
27728
27794
27841
27876
27927
27935
27948
28043
28049
28138
28189
28246
28252
28300
28383
28397
28407
28417
28437
28458
28500
28521
28588
28734
28746
28757
28771
28819
28892
28899
28947
28984
29067
29126
29146
29154
29210
29240
29316
29347
29365
29387
29415
29416
29509
29556
29581
29597
29618
29631
29636
29674
29738
29841
29845
29878
29896
29907
29931
29953
30008
30013
30016
30031
30036
30102
30172
30264
30305
30306
30309
30329
30364
30425
30427
30469
30492
30597
30648
30659
30678
30698
30699
30768
30809
30872
30933
30952
30980
30986
31007
31022
31026
31045
31058
31176
31189
31195
31197
31278
31286
31324
31423
31427
31468
31474
31573
31618
31630
31642
31647
31659
31667
31752
31765
31775
31805
31823
31929
31962
31993
32004
32017
32025
32116
32230
32233
32349
32358
32390
32499
32525
32549
32647
32719
32724
32755
32762
32775
32813
32815
32820
32857
32866
32887
32905
32965
32966
32980
33000
33003
33036
33043
33124
33132
33137
33148
33149
33187
33188
33195
33254
33284
33373
33473
33484
33578
33583
33634
33780
33851
33923
33946
33962
34012
34041
34062
34079
34147
34151
34177
34259
34305
34313
34323
34337
34491
34535
34630
34693
34714
34717
34729
34781
34821
34834
34867
34907
34938
34958
35044
35062
35093
35098
35100
35153
35186
35202
35317
35350
35378
35403
35458
35499
35510
35546
35623
35650
35720
35803
35820
35852
35879
35930
35945
35998
36027
36123
36133
36289
36357
36391
36566
36618
36640
36679
36693
36779
36793
36825
36842
36851
36862
36947
36957
36961
36966
37015
37018
37023
37025
37028
37046
37056
37087
37098
37102
37125
37188
37195
37222
37230
37253
37311
37317
37328
37340
37357
37384
37399
37424
37505
37508
37516
37542
37550
37559
37571
37585
37614
37669
37671
37676
37709
37801
37821
37916
37917
37973
38127
38259
38273
38463
38571
38622
38636
38683
38743
38770
38969
39127
39159
39215
39228
39292
39295
39325
39366
39415
39426
39455
39522
39570
39585
39606
39638
39710
39711
39734
39767
39798
39810
39830
39853
39942
39951
39979
39983
39996
39997
40000
40021
40047
40049
40133
40157
40226
40262
40322
40437
40467
40550
40562
40571
40593
40683
40741
40753
40788
40792
40823
40854
40855
40879
40927
40936
40942
40990
41009
41039
41100
41115
41132
41141
41144
41186
41190
41194
41200
41254
41291
41379
41388
41408
41446
41478
41522
41578
41700
41722
41735
41752
41793
41846
41908
42018
42025
42117
42127
42139
42158
42175
42379
42399
42401
42433
42450
42518
42527
42602
42678
42750
42753
42797
42802
42860
43081
43101
43116
43120
43162
43169
43207
43223
43266
43418
43455
43510
43534
43560
43596
43597
43661
43688
43703
43716
43733
43757
43772
43799
43845
49043
49446
49969
51409
51542
51836
53477
53841
55131
55431
55890
57845
58027
63127
66141
67748
67909
68206
69874
71469
72905
76268
80110
82050
85629
89451
90464
91453
92105
127354
131657
238392
